20 44 43 14 11 39 43 14 11 39 43 14 11 39 43 14 11 39 43 14 11 39 43 14 11 39 43 14 7 14 11 39 43 14 11 6 40
20 44 14 11 6 25 43 14 11 39 43 14 11 6 40
20 44 43 14 11 39 43 14 7 14 11 6 40
20 44 14 39 43 14 11 6 40
20 44 14 7 14 39 43 14 11 39 43 14 39 43 14 11 31
20 44 14 39 43 14 39 43 14 7 14 39 43 14 11 39 43 14 11 39 43 14 11 6 40
20 44 14 7 14 39 43 14 11 39 43 14 11 6 6 40
20 44 14 11 39 43 14 39 43 14 39 43 14 11 6 40
20 44 14 11 39 43 14 11 39 43 14 11 39 43 14 11 6 40
20 44 14 11 39 43 14 11 6 19 7 14 11 6 40
20 44 14 7 14 39 43 14 11 6 40
20 44 14 39 43 14 11 39 43 14 39 43 14 11 39 43 14 11 6 6 40
20 44 14 11 39 43 14 7 14 11 39 43 14 39 43 14 39 43 14 11 6 40
20 44 43 14 11 6 19 7 14 7 14 11 39 43 14 7 14 11 6 6 40
20 44 14 7 14 7 14 39 43 14 7 14 7 14 11 6 40
35
20 44 14 11 39 43 14 39 43 14 11 6 40
20 44 43 14 11 39 43 14 39 43 14 11 39 43 14 39 43 14 11 39 43 14 39 43 14 39 43 14 11 6 6 40
20 44 14 39 43 14 39 43 14 39 43 14 11 39 43 14 11 39 43 14 39 43 14 11 6 40
20 44 45 43 14 7 14 11 39 43 14 11 39 43 14 11 6 40
20 44 43 14 39 43 14 11 39 43 14 11 6 40
20 44 14 7 14 11 6 40
20 44 43 14 11 39 43 14 11 6 26 6 40
20 44 43 14 11 6 25 43 14 11 6 19 7 14 11 6 6 40
20 44 14 39 43 14 39 43 14 11 6 40
20 34
20 44 14 7 14 11 39 43 14 11 6 40
20 44 32 6 40
20 44 43 14 11 6 6 40
20
20 44 14 39 43 14 11 39 43 14 11 6 40
20 44 14 11 39 43 14 39 43 14 7 32 6 40
20 44 14 39 43 14 11 39 43 14 11 6 40
20 44 14 39 43 14 11 39 20 44 14 11 6 40
20 44 14 7 14 39 43 14 11 39 43 14 11 6 40
20 44 14 11 39 43 14 11 9 20 44 43 14 11 6 40
20 44 43 14 11 39 43 14 39 43 14 11 39 43 14 39 43 14 39 43 14 11 39 43 14 11 39 43 14 39 43 14 11 6 40
20 44 14 39 43 14 11 39 43 14 39 43 14 11 6 6 40
20 44 43 14 11 39 43 14 7 14 39 43 14 11 6 40
20 44 43 14 11 39 43 14 11 6 40
20 44 14 7 14 11 6 40
20 44 45 43 14 39 43 14 39 43 14 39 43 14 11 6 40
20 44 43 14 11 39 43 14 39 43 14 11 6 40
20 44 14 39 43 14 11 39 43 14 39 43 14 11 6 40
20 44 14 39 43 14 11 6 25 43 14 11 39 43 14 11 6 40
20 44 14 39 43 14 39 43 14 7 14 11 39 43 14 11 39 43 14 39 43 14 11 6 6 40
20 44 45 43 14 39 43 14 39 43 14 11 39 43 14 11 39 43 14 11 6 40
20 44 14 11 39 43 14 11 39 43 14 39 43 14 39 43 14 11 39 43 14 39 43 14 11 39 43 14 11 6 6 40
20 44 14 39 43 14 7 14 39 43 14 39 43 14 11 6 25 43 14 11 39 43 14 11 6 40
20 44 14 39 43 14 7 14 11 39 43 14 39 43 14 11 39 43 14 11 6 40
20 44 14 11 39 43 14 7 14 11 6 40
20 44 14 11 39 43 14 39 43 14 11 39 43 14 11 39 43 14 11 6 40
20 44 14 39 43 14 39 43 14 39 43 14 39 43 14 39 43 14 39 43 14 39 43 14 11 6 40
20 44 14 11 31
20 44 14 11 39 43 14 11 6 40
20 44 14 11 39 43 14 11 6 40
20 44 43 14 11 39 43 14 7 14 39 43 14 11 39 43 14 11 39 43 14 39 43 14 11 39 43 14 11 6 40
20 44 14 7 14 7 14 39 43 14 39 43 14 7 14 11 39 43 14 11 6 40
20 44 43 14 11 39 43 14 39 43 14 11 39 43 14 7 14 11 6 40
20 26 6 40
20 44 14 7 14 11 39 43 14 11 6 40
20 44 14 11 39 43 14 7 14 11 39 43 14 11 39 43 14 11 39 43 14 7 14 39 43 14 7 14 11 6 40
20 44 43 14 11 39 43 14 39 43 14 39 43 14 39 43 14 11 6 19 7 14 11 39 43 14 39 43 14 11 39 43 14 11 6 40
20 44 43 14 11 39 43 14 39 43 14 11 6 40
20 44 43 14 39 43 14 39 43 14 7 14 39 43 14 39 43 14 39 43 14 11 6 40
20 44 14 11 39 43 14 11 39 43 14 39 43 14 39 43 14 39 43 14 11 39 43 14 11 39 43 14 11 6 40
20 44 14 39 43 14 39 43 14 11 39 43 14 7 14 39 43 14 11 6 40
20 44 14 11 39 43 14 11 39 43 14 11 39 43 14 11 39 43 14 11 6 6 40
20 44 14 39 43 14 39 43 14 11 39 43 14 11 39 43 14 39 43 14 11 6 40
20 44 43 14 11 39 43 14 11 39 43 14 7 14 39 43 14 11 6 40
20 44 43 14 39 43 14 7 14 39 43 14 11 39 43 14 11 6 25 43 14 11 39 43 14 11 6 40
20 44 14 11 39 43 14 7 14 11 39 43 14 7 14 7 14 11 6 40
20 44 14 39 43 14 11 6 40
20 44 14 11 39 43 14 39 43 14 11 39 43 14 7 14 11 39 43 14 11 39 43 14 7 14 39 43 14 11 6 40
20 44 14 39 43 14 11 39 43 14 11 6 40
20 44 43 14 39 43 14 11 39 43 14 11 39 43 14 39 43 14 11 39 43 14 11 6 6 40
20 26 6 40
20 44 43 14 11 6 40
20 44 43 14 11 6 40
20 44 14 39 43 14 11 39 43 14 39 43 14 7 14 39 43 14 39 43 14 11 6 40
20 44 14 39 43 14 39 43 14 11 39 43 14 39 43 14 7 14 11 6 40
20 44 43 14 39 43 14 11 39 43 14 39 43 14 11 39 43 14 11 6 19 7 14 7 14 7 14 11 6 40
20 44 14 11 6 25 43 14 39 43 14 11 39 43 14 7 14 7 14 39 43 14 39 43 14 11 6 40
20 44 43 14 11 39 43 14 7 14 11 6 40
20 44 14 7 14 39 43 14 39 43 14 11 39 43 14 7 14 11 6 40
20 44 43 14 39 43 14 39 43 14 11 39 43 14 11 39 43 14 11 6 40
20 44 43 14 11 39 43 14 39 43 14 11 39 43 14 11 39 43 14 39 43 14 39 43 14 39 43 14 11 6 40
20 44 14 11 39 43 14 39 43 14 39 43 14 11 39 43 14 7 14 11 6 40
20 44 14 39 43 14 11 39 43 14 39 43 14 11 39 43 14 11 6 25 43 14 11 6 6 40
20 44 43 14 39 43 14 7 14 11 39 43 14 11 39 43 14 11 6 25 43 14 11 6 40
20 44 14 7 14 11 39 43 14 11 6 40
20 44 14 39 43 14 39 43 14 11 6 40
20 44 14 7 14 11 6 40
20 44 14 39 43 14 39 43 14 39 43 14 39 43 14 11 6 40
20 44 14 39 43 14 39 43 14 11 39 43 14 11 39 43 14 11 30 39 43 14 39 43 14 39 43 14 11 6 40
20 44 43 14 11 39 43 14 39 43 14 39 43 14 11 39 43 14 11 39 43 14 39 43 14 11 6 40
20 44 14 39 43 14 7 14 39 43 14 39 43 14 39 43 14 11 39 43 14 11 39 43 14 11 20 44 14 11 39 43 14 7 14 11 6 40
20 44 14 11 39 43 14 11 39 43 14 11 39 43 14 11 39 43 14 11 39 43 14 39 43 14 11 39 43 14 39 43 14 11 39 43 14 11 6 6 40
20 44 14 39 43 14 11 39 43 14 11 6 6 40
20 44 14 7 14 11 39 43 14 39 43 14 11 39 43 14 39 43 14 39 43 14 11 39 43 14 11 6 6 40
