0 5 12 16 18 19 22 24 ; 1 0 ; 2 23 ; 3 20 21 ; 4 0 ; 5 1 2 ; 6 3 ; 7 4 ; 8 17 ; 9 0 ; 10 10 ; 11 9 ; 12 8 ; 13 6 ; 14 7 ; 15 0 ; 16 0 ; 17 0 ; 18 0 ; 19 0 ; 20 14 ; 21 15 ; 22 13 ; 23 11 ; 24 25 ;
0 4 5 8 11 14 20 21 ; 1 0 ; 2 26 ; 3 26 ; 4 25 ; 5 22 23 24 ; 6 0 ; 7 1 ; 8 2 ; 9 3 ; 10 19 ; 11 0 ; 12 18 ; 13 16 ; 14 0 ; 15 15 ; 16 17 ; 17 12 13 ; 18 6 ; 19 7 ; 20 0 ; 21 9 ; 22 10 ; 23 27 ;
0 4 13 17 22 24 ; 1 16 ; 2 15 ; 3 0 ; 4 23 ; 5 0 ; 6 20 ; 7 18 ; 8 19 ; 9 21 ; 10 14 ; 11 11 12 ; 12 0 ; 13 10 ; 14 8 ; 15 9 ; 16 0 ; 17 0 ; 18 0 ; 19 5 6 ; 20 7 ; 21 2 3 ; 22 0 ; 23 1 ; 24 25 ;
0 2 9 13 14 21 ; 1 23 ; 2 22 ; 3 22 ; 4 18 19 ; 5 20 ; 6 17 ; 7 16 ; 8 15 ; 9 0 ; 10 0 ; 11 0 ; 12 3 4 ; 13 5 ; 14 0 ; 15 0 ; 16 1 ; 17 0 ; 18 12 ; 19 6 ; 20 11 ; 21 10 ; 22 0 ; 23 0 ; 24 7 8 ; 25 0 ; 26 24 ;
0 3 9 10 12 16 17 20 25 26 27 29 ; 1 19 ; 2 0 ; 3 18 ; 4 0 ; 5 11 ; 6 0 ; 7 8 ; 8 0 ; 9 0 ; 10 13 14 ; 11 15 ; 12 7 ; 13 4 5 6 ; 14 0 ; 15 2 ; 16 1 ; 17 0 ; 18 30 ; 19 0 ; 20 0 ; 21 21 22 ; 22 23 24 28 ; 23 31 ;
0 2 3 4 8 11 20 22 23 ; 1 0 ; 2 5 6 7 ; 3 1 ; 4 24 ; 5 25 ; 6 0 ; 7 9 ; 8 10 ; 9 21 ; 10 0 ; 11 12 ; 12 13 14 ; 13 15 ; 14 16 ; 15 17 ; 16 18 ; 17 19 ; 18 26 ;
0 10 11 17 19 20 23 24 28 ; 1 16 ; 2 16 ; 3 16 ; 4 15 ; 5 14 ; 6 13 ; 7 12 ; 8 5 6 ; 9 7 8 ; 10 9 ; 11 2 3 4 ; 12 0 ; 13 1 ; 14 18 ; 15 32 ; 16 29 30 31 ; 17 0 ; 18 26 27 ; 19 0 ; 20 25 ; 21 22 ; 22 0 ; 23 21 ; 24 33 ;
0 4 8 12 13 19 26 27 28 ; 1 1 ; 2 14 ; 3 11 ; 4 10 ; 5 9 ; 6 2 ; 7 3 ; 8 0 ; 9 5 7 ; 10 6 ; 11 15 ; 12 32 ; 13 31 ; 14 16 ; 15 29 30 ; 16 17 18 ; 17 0 ; 18 24 ; 19 25 ; 20 0 ; 21 20 21 ; 22 22 ; 23 23 ; 24 33 ;
0 9 10 14 15 17 21 25 26 29 ; 1 16 ; 2 0 ; 3 11 12 13 ; 4 0 ; 5 6 7 8 ; 6 5 ; 7 0 ; 8 4 ; 9 3 ; 10 0 ; 11 1 2 ; 12 28 ; 13 27 ; 14 24 ; 15 0 ; 16 22 23 ; 17 18 19 20 ; 18 30 ;
0 4 5 6 8 16 17 21 22 24 ; 1 15 ; 2 15 ; 3 15 ; 4 0 ; 5 9 10 11 12 ; 6 13 14 ; 7 7 ; 8 0 ; 9 3 ; 10 2 ; 11 0 ; 12 1 ; 13 18 ; 14 20 ; 15 19 ; 16 28 ; 17 28 ; 18 27 ; 19 26 ; 20 25 ; 21 23 ; 22 29 ;
0 8 9 20 26 ; 1 1 ; 2 13 ; 3 13 ; 4 12 ; 5 10 11 ; 6 0 ; 7 0 ; 8 4 5 6 7 ; 9 3 ; 10 0 ; 11 2 ; 12 0 ; 13 14 ; 14 0 ; 15 15 ; 16 25 ; 17 25 ; 18 22 23 24 ; 19 21 ; 20 16 17 ; 21 19 ; 22 18 ; 23 27 ;
0 9 10 13 16 24 27 ; 1 14 ; 2 3 ; 3 0 ; 4 1 2 ; 5 0 ; 6 12 ; 7 11 ; 8 4 ; 9 5 ; 10 6 ; 11 7 8 ; 12 0 ; 13 15 ; 14 28 ; 15 29 ; 16 17 ; 17 25 26 ; 18 21 22 23 ; 19 0 ; 20 19 ; 21 20 ; 22 18 ; 23 30 ;
0 2 17 18 19 22 ; 1 0 ; 2 1 ; 3 21 ; 4 21 ; 5 20 ; 6 0 ; 7 0 ; 8 10 ; 9 13 ; 10 11 12 ; 11 9 ; 12 0 ; 13 6 ; 14 7 ; 15 8 ; 16 4 5 ; 17 0 ; 18 3 ; 19 0 ; 20 0 ; 21 14 15 16 ; 22 23 ;
0 13 20 ; 1 16 ; 2 0 ; 3 3 ; 4 4 ; 5 1 ; 6 2 ; 7 0 ; 8 17 ; 9 18 ; 10 19 ; 11 23 ; 12 21 22 ; 13 15 ; 14 14 ; 15 11 ; 16 12 ; 17 8 9 10 ; 18 0 ; 19 5 ; 20 6 ; 21 0 ; 22 7 ; 23 24 ;
0 7 10 16 21 24 ; 1 15 ; 2 14 ; 3 13 ; 4 0 ; 5 12 ; 6 11 ; 7 8 ; 8 9 ; 9 5 ; 10 6 ; 11 0 ; 12 4 ; 13 2 ; 14 1 ; 15 3 ; 16 23 ; 17 17 ; 18 22 ; 19 18 ; 20 19 20 ; 21 25 ;
0 3 7 12 13 15 23 ; 1 1 ; 2 2 ; 3 4 ; 4 5 ; 5 6 ; 6 25 26 ; 7 27 ; 8 0 ; 9 24 ; 10 22 ; 11 20 21 ; 12 0 ; 13 18 ; 14 16 ; 15 0 ; 16 17 ; 17 19 ; 18 14 ; 19 10 ; 20 8 ; 21 9 ; 22 11 ; 23 0 ; 24 28 ;
0 2 6 7 9 11 12 14 23 ; 1 0 ; 2 16 ; 3 0 ; 4 15 ; 5 0 ; 6 1 ; 7 13 ; 8 0 ; 9 10 ; 10 0 ; 11 8 ; 12 0 ; 13 3 ; 14 4 ; 15 5 ; 16 0 ; 17 0 ; 18 0 ; 19 21 ; 20 22 ; 21 19 20 ; 22 0 ; 23 17 ; 24 18 ; 25 24 ;
0 3 4 10 12 18 19 20 22 ; 1 0 ; 2 28 ; 3 28 ; 4 25 ; 5 26 27 ; 6 0 ; 7 23 24 ; 8 13 ; 9 1 ; 10 2 ; 11 0 ; 12 14 15 ; 13 21 ; 14 16 ; 15 17 ; 16 11 ; 17 5 6 ; 18 7 8 ; 19 9 ; 20 29 ;
0 3 6 8 11 15 16 17 23 24 ; 1 9 ; 2 10 ; 3 0 ; 4 7 ; 5 0 ; 6 0 ; 7 4 5 ; 8 0 ; 9 1 ; 10 2 ; 11 0 ; 12 0 ; 13 12 13 14 ; 14 25 ; 15 26 ; 16 18 ; 17 18 ; 18 20 ; 19 19 ; 20 0 ; 21 21 22 ; 22 0 ; 23 27 ;
0 6 7 18 22 24 25 ; 1 11 ; 2 12 13 14 ; 3 15 ; 4 10 ; 5 0 ; 6 0 ; 7 9 ; 8 8 ; 9 0 ; 10 3 ; 11 4 5 ; 12 2 ; 13 1 ; 14 0 ; 15 23 ; 16 26 ; 17 0 ; 18 16 ; 19 17 ; 20 19 ; 21 20 ; 22 21 ; 23 27 ;
0 5 9 11 14 24 ; 1 13 ; 2 12 ; 3 1 ; 4 10 ; 5 0 ; 6 7 8 ; 7 6 ; 8 2 ; 9 4 ; 10 0 ; 11 3 ; 12 0 ; 13 0 ; 14 16 ; 15 15 ; 16 17 ; 17 18 ; 18 19 ; 19 21 ; 20 20 ; 21 22 23 ; 22 25 ;
0 4 6 7 18 19 20 26 27 31 ; 1 1 ; 2 2 3 ; 3 0 ; 4 28 29 30 ; 5 0 ; 6 5 ; 7 24 ; 8 25 ; 9 8 ; 10 21 22 23 ; 11 12 ; 12 9 10 11 ; 13 13 ; 14 0 ; 15 17 ; 16 14 15 16 ; 17 32 ;
0 4 6 7 18 19 20 23 ; 1 1 2 ; 2 3 ; 3 27 28 ; 4 5 ; 5 26 ; 6 24 25 ; 7 21 ; 8 22 ; 9 0 ; 10 0 ; 11 0 ; 12 0 ; 13 11 12 13 14 15 ; 14 16 17 ; 15 10 ; 16 8 ; 17 9 ; 18 29 ;
0 2 3 4 12 13 14 17 18 21 ; 1 0 ; 2 22 23 ; 3 0 ; 4 5 6 ; 5 0 ; 6 0 ; 7 19 ; 8 20 ; 9 0 ; 10 15 16 ; 11 0 ; 12 7 ; 13 8 ; 14 9 ; 15 10 11 ; 16 1 ; 17 1 ; 18 0 ; 19 0 ; 20 24 25 26 27 ; 21 28 ;
0 4 6 9 14 24 27 28 ; 1 10 ; 2 0 ; 3 7 8 ; 4 5 ; 5 0 ; 6 1 ; 7 2 ; 8 3 ; 9 0 ; 10 12 ; 11 11 ; 12 0 ; 13 0 ; 14 19 20 ; 15 21 ; 16 17 18 ; 17 16 ; 18 15 ; 19 0 ; 20 13 ; 21 22 ; 22 0 ; 23 25 ; 24 26 ; 25 23 ; 26 29 ;
0 7 18 ; 1 0 ; 2 10 ; 3 8 9 ; 4 11 ; 5 0 ; 6 5 6 ; 7 0 ; 8 2 3 4 ; 9 0 ; 10 1 ; 11 12 ; 12 23 ; 13 23 ; 14 22 ; 15 21 ; 16 0 ; 17 19 20 ; 18 0 ; 19 13 ; 20 14 15 ; 21 16 ; 22 17 ; 23 24 ;
0 4 19 20 24 25 ; 1 1 ; 2 2 ; 3 3 ; 4 0 ; 5 0 ; 6 7 8 ; 7 6 ; 8 0 ; 9 5 ; 10 9 ; 11 26 ; 12 27 ; 13 10 11 ; 14 17 18 ; 15 21 22 ; 16 23 ; 17 0 ; 18 0 ; 19 12 13 ; 20 16 ; 21 14 ; 22 15 ; 23 28 ;
0 4 7 13 20 21 22 26 ; 1 27 ; 2 23 24 ; 3 25 ; 4 0 ; 5 18 ; 6 19 ; 7 16 17 ; 8 15 ; 9 14 ; 10 9 ; 11 10 ; 12 11 ; 13 12 ; 14 8 ; 15 8 ; 16 0 ; 17 5 6 ; 18 1 2 3 ; 19 28 ;
0 3 6 7 12 15 17 ; 1 1 ; 2 2 ; 3 21 ; 4 22 ; 5 18 19 ; 6 20 ; 7 4 ; 8 4 ; 9 5 ; 10 16 ; 11 9 ; 12 0 ; 13 0 ; 14 10 ; 15 11 ; 16 13 ; 17 14 ; 18 8 ; 19 8 ; 20 23 ;
0 4 5 15 20 21 27 ; 1 6 ; 2 7 ; 3 8 9 ; 4 1 ; 5 2 3 ; 6 0 ; 7 0 ; 8 23 ; 9 23 ; 10 24 ; 11 25 26 ; 12 11 ; 13 10 ; 14 12 ; 15 14 ; 16 13 ; 17 22 ; 18 16 17 ; 19 19 ; 20 18 ; 21 28 ;
0 2 3 7 11 12 19 20 21 22 23 24 26 27 28 ; 1 0 ; 2 6 ; 3 4 5 ; 4 1 ; 5 0 ; 6 0 ; 7 0 ; 8 0 ; 9 25 ; 10 8 ; 11 9 ; 12 10 ; 13 0 ; 14 0 ; 15 13 14 15 ; 16 16 ; 17 17 18 ; 18 29 ;
0 7 ; 1 3 ; 2 0 ; 3 1 ; 4 2 ; 5 4 ; 6 11 12 ; 7 0 ; 8 0 ; 9 8 9 10 ; 10 0 ; 11 0 ; 12 5 ; 13 6 ; 14 15 ; 15 0 ; 16 0 ; 17 13 14 ; 18 0 ; 19 16 17 ; 20 18 19 20 21 22 23 ; 21 24 ; 22 25 ;
0 2 7 20 22 ; 1 0 ; 2 8 9 10 ; 3 0 ; 4 0 ; 5 0 ; 6 5 ; 7 6 ; 8 3 4 ; 9 1 ; 10 11 ; 11 13 ; 12 14 ; 13 0 ; 14 0 ; 15 12 ; 16 19 ; 17 21 ; 18 17 ; 19 15 16 ; 20 18 ; 21 23 ;
0 6 8 10 11 14 18 19 20 23 ; 1 0 ; 2 9 ; 3 2 ; 4 0 ; 5 1 ; 6 7 ; 7 0 ; 8 3 ; 9 4 ; 10 5 ; 11 24 ; 12 21 22 ; 13 0 ; 14 0 ; 15 17 ; 16 0 ; 17 16 ; 18 12 ; 19 13 ; 20 15 ; 21 25 ;
0 2 3 4 5 6 25 ; 1 14 ; 2 12 13 ; 3 0 ; 4 11 ; 5 8 ; 6 9 ; 7 10 ; 8 0 ; 9 7 ; 10 0 ; 11 0 ; 12 1 ; 13 23 24 ; 14 19 20 ; 15 21 ; 16 22 ; 17 16 17 18 ; 18 0 ; 19 15 ; 20 26 ;
0 4 5 8 9 10 12 16 ; 1 11 ; 2 11 ; 3 0 ; 4 1 ; 5 2 ; 6 3 ; 7 0 ; 8 0 ; 9 0 ; 10 7 ; 11 6 ; 12 0 ; 13 0 ; 14 17 ; 15 18 ; 16 15 ; 17 13 ; 18 14 ; 19 22 23 ; 20 24 ; 21 21 ; 22 19 20 ; 23 25 ;
0 5 6 10 17 18 23 24 ; 1 0 ; 2 3 4 ; 3 2 ; 4 0 ; 5 1 ; 6 19 20 21 22 ; 7 0 ; 8 0 ; 9 7 ; 10 0 ; 11 8 ; 12 9 ; 13 0 ; 14 13 14 ; 15 0 ; 16 0 ; 17 15 16 ; 18 0 ; 19 12 ; 20 11 ; 21 11 ; 22 25 ;
0 8 9 11 14 24 ; 1 13 ; 2 12 ; 3 1 ; 4 10 ; 5 0 ; 6 7 ; 7 6 ; 8 2 ; 9 3 ; 10 5 ; 11 4 ; 12 0 ; 13 0 ; 14 16 ; 15 15 ; 16 17 ; 17 18 ; 18 19 ; 19 21 ; 20 20 ; 21 22 23 ; 22 25 ;
0 4 13 19 22 ; 1 10 ; 2 9 ; 3 5 6 ; 4 7 8 ; 5 0 ; 6 0 ; 7 2 ; 8 3 ; 9 0 ; 10 0 ; 11 1 ; 12 23 ; 13 24 ; 14 0 ; 15 20 21 ; 16 0 ; 17 15 ; 18 16 17 18 ; 19 14 ; 20 11 12 ; 21 25 ;
0 6 12 16 17 ; 1 8 ; 2 9 ; 3 10 ; 4 5 ; 5 7 ; 6 4 ; 7 1 ; 8 2 ; 9 3 ; 10 0 ; 11 18 ; 12 22 23 ; 13 11 ; 14 0 ; 15 0 ; 16 13 ; 17 14 ; 18 15 ; 19 0 ; 20 19 ; 21 20 21 ; 22 24 ;
0 5 17 ; 1 1 ; 2 2 ; 3 3 ; 4 4 ; 5 6 ; 6 7 ; 7 0 ; 8 0 ; 9 0 ; 10 0 ; 11 18 19 20 ; 12 21 ; 13 0 ; 14 12 13 14 15 16 ; 15 11 ; 16 10 ; 17 8 ; 18 9 ; 19 22 ;
0 5 9 24 ; 1 6 ; 2 1 ; 3 2 ; 4 3 ; 5 4 ; 6 0 ; 7 7 ; 8 8 ; 9 0 ; 10 0 ; 11 22 ; 12 23 ; 13 20 ; 14 18 19 ; 15 21 ; 16 17 ; 17 0 ; 18 13 14 15 16 ; 19 12 ; 20 10 ; 21 11 ; 22 25 ;
0 6 13 14 17 18 22 ; 1 1 ; 2 7 ; 3 7 ; 4 4 ; 5 5 ; 6 3 ; 7 2 ; 8 3 ; 9 8 ; 10 9 ; 11 21 ; 12 21 ; 13 19 20 ; 14 0 ; 15 0 ; 16 0 ; 17 15 16 ; 18 0 ; 19 10 11 ; 20 12 ; 21 23 ;
0 0 ; 1 1 ; 2 1 ; 3 1 ; 4 2 ; 5 5 ; 6 5 ; 7 3 4 ; 8 6 ; 9 7 ; 10 8 ; 11 0 ; 12 0 ; 13 9 ; 14 9 ; 15 0 ; 16 10 ; 17 0 ; 18 17 ; 19 18 ; 20 14 ; 21 12 13 ; 22 11 ; 23 0 ; 24 16 ; 25 0 ; 26 15 ; 27 19 ;
0 2 3 10 13 14 21 ; 1 0 ; 2 6 ; 3 7 ; 4 8 9 ; 5 17 ; 6 0 ; 7 0 ; 8 4 5 ; 9 0 ; 10 1 ; 11 0 ; 12 0 ; 13 19 ; 14 18 ; 15 20 ; 16 16 ; 17 0 ; 18 15 ; 19 0 ; 20 0 ; 21 11 ; 22 12 ; 23 22 ;
0 8 9 11 12 14 16 18 21 22 25 ; 1 0 ; 2 6 ; 3 5 ; 4 7 ; 5 4 ; 6 1 ; 7 2 ; 8 3 ; 9 0 ; 10 0 ; 11 0 ; 12 23 ; 13 24 ; 14 0 ; 15 19 20 ; 16 15 ; 17 10 ; 18 13 ; 19 0 ; 20 0 ; 21 17 ; 22 26 ;
0 7 11 12 17 18 ; 1 1 2 3 ; 2 4 5 ; 3 6 ; 4 0 ; 5 0 ; 6 20 ; 7 20 ; 8 19 ; 9 15 ; 10 16 ; 11 0 ; 12 13 14 ; 13 0 ; 14 0 ; 15 0 ; 16 9 10 ; 17 0 ; 18 8 ; 19 8 ; 20 21 ;
0 12 14 17 21 22 ; 1 1 ; 2 5 6 7 ; 3 8 ; 4 0 ; 5 2 3 ; 6 4 ; 7 0 ; 8 9 ; 9 24 ; 10 23 ; 11 0 ; 12 0 ; 13 20 ; 14 19 ; 15 18 ; 16 15 16 ; 17 11 ; 18 10 ; 19 0 ; 20 0 ; 21 13 ; 22 0 ; 23 25 ;
0 2 3 17 21 ; 1 6 ; 2 4 ; 3 4 ; 4 0 ; 5 1 ; 6 0 ; 7 5 ; 8 0 ; 9 7 ; 10 8 ; 11 9 ; 12 10 ; 13 11 ; 14 0 ; 15 0 ; 16 18 ; 17 19 ; 18 20 ; 19 0 ; 20 15 16 ; 21 0 ; 22 14 ; 23 12 ; 24 13 ; 25 22 ;
0 8 17 18 ; 1 20 ; 2 19 ; 3 21 ; 4 0 ; 5 0 ; 6 1 ; 7 2 ; 8 3 4 5 ; 9 6 ; 10 7 ; 11 0 ; 12 13 ; 13 14 15 16 ; 14 12 ; 15 0 ; 16 9 ; 17 0 ; 18 10 11 ; 19 22 ;
0 9 10 25 ; 1 1 2 3 ; 2 4 ; 3 5 6 ; 4 7 ; 5 8 ; 6 24 ; 7 22 23 ; 8 18 19 ; 9 20 21 ; 10 15 16 17 ; 11 0 ; 12 0 ; 13 0 ; 14 13 14 ; 15 11 12 ; 16 26 ;
0 11 16 24 ; 1 1 ; 2 2 3 ; 3 23 ; 4 21 22 ; 5 17 ; 6 18 19 20 ; 7 4 ; 8 5 ; 9 15 ; 10 14 ; 11 12 ; 12 13 ; 13 0 ; 14 9 10 ; 15 0 ; 16 6 7 ; 17 8 ; 18 25 ;
0 10 15 21 22 ; 1 16 17 ; 2 23 24 25 ; 3 26 ; 4 0 ; 5 20 ; 6 0 ; 7 18 ; 8 19 ; 9 0 ; 10 0 ; 11 14 ; 12 7 ; 13 11 ; 14 12 13 ; 15 0 ; 16 8 ; 17 9 ; 18 6 ; 19 1 2 3 4 5 ; 20 27 ;
0 11 19 25 ; 1 1 2 ; 2 0 ; 3 0 ; 4 23 ; 5 24 ; 6 20 21 22 ; 7 0 ; 8 9 10 ; 9 8 ; 10 7 ; 11 5 6 ; 12 4 ; 13 3 ; 14 0 ; 15 0 ; 16 0 ; 17 18 ; 18 0 ; 19 15 16 17 ; 20 14 ; 21 12 ; 22 13 ; 23 26 ;
0 8 19 ; 1 9 ; 2 0 ; 3 7 ; 4 4 5 6 ; 5 2 3 ; 6 0 ; 7 1 ; 8 10 ; 9 11 ; 10 12 ; 11 0 ; 12 0 ; 13 0 ; 14 17 ; 15 18 ; 16 14 ; 17 15 16 ; 18 13 ; 19 13 ; 20 20 ;
0 14 20 22 24 ; 1 8 ; 2 7 ; 3 3 4 5 ; 4 6 ; 5 1 2 ; 6 0 ; 7 16 ; 8 15 ; 9 0 ; 10 9 ; 11 10 ; 12 11 ; 13 12 ; 14 13 ; 15 0 ; 16 0 ; 17 23 ; 18 0 ; 19 21 ; 20 0 ; 21 0 ; 22 18 ; 23 17 ; 24 19 ; 25 25 ;
0 3 6 8 9 20 24 25 26 ; 1 1 2 ; 2 27 28 ; 3 0 ; 4 4 ; 5 5 ; 6 17 ; 7 23 ; 8 0 ; 9 21 22 ; 10 0 ; 11 18 ; 12 19 ; 13 16 ; 14 12 13 14 15 ; 15 11 ; 16 10 ; 17 7 ; 18 29 ;
0 6 12 14 17 26 ; 1 1 ; 2 0 ; 3 10 ; 4 0 ; 5 11 ; 6 7 8 9 ; 7 5 ; 8 2 3 ; 9 4 ; 10 0 ; 11 13 ; 12 27 ; 13 25 ; 14 21 22 23 24 ; 15 0 ; 16 18 19 20 ; 17 0 ; 18 15 ; 19 15 ; 20 16 ; 21 16 ; 22 28 ;
0 3 5 6 7 10 14 21 ; 1 1 ; 2 1 ; 3 2 ; 4 19 ; 5 20 ; 6 15 ; 7 16 ; 8 17 ; 9 0 ; 10 0 ; 11 4 ; 12 0 ; 13 18 ; 14 8 ; 15 11 ; 16 9 ; 17 12 ; 18 13 ; 19 22 ;
0 5 6 17 20 22 23 ; 1 0 ; 2 3 ; 3 4 ; 4 2 ; 5 0 ; 6 1 ; 7 0 ; 8 0 ; 9 0 ; 10 15 16 ; 11 14 ; 12 13 ; 13 10 ; 14 11 ; 15 12 ; 16 9 ; 17 7 ; 18 8 ; 19 21 ; 20 18 ; 21 19 ; 22 19 ; 23 24 ;
0 3 11 14 ; 1 1 ; 2 2 ; 3 20 ; 4 20 ; 5 17 ; 6 18 ; 7 19 ; 8 0 ; 9 16 ; 10 15 ; 11 0 ; 12 13 ; 13 0 ; 14 13 ; 15 12 ; 16 10 ; 17 9 ; 18 8 ; 19 7 ; 20 4 ; 21 5 ; 22 6 ; 23 21 ;
0 3 7 13 18 19 ; 1 22 ; 2 20 21 ; 3 0 ; 4 0 ; 5 0 ; 6 11 ; 7 12 ; 8 0 ; 9 0 ; 10 1 ; 11 2 ; 12 0 ; 13 0 ; 14 0 ; 15 14 15 16 17 ; 16 10 ; 17 5 ; 18 4 ; 19 0 ; 20 6 ; 21 0 ; 22 9 ; 23 8 ; 24 23 ;
0 5 7 9 14 15 22 ; 1 0 ; 2 6 ; 3 1 ; 4 2 ; 5 0 ; 6 3 ; 7 4 ; 8 0 ; 9 0 ; 10 21 ; 11 0 ; 12 20 ; 13 8 ; 14 16 17 18 19 ; 15 0 ; 16 0 ; 17 10 ; 18 11 ; 19 12 ; 20 13 ; 21 23 ;
0 6 19 21 ; 1 0 ; 2 3 ; 3 4 5 ; 4 2 ; 5 0 ; 6 1 ; 7 20 ; 8 22 ; 9 16 ; 10 0 ; 11 17 ; 12 18 ; 13 15 ; 14 14 ; 15 12 13 ; 16 10 ; 17 11 ; 18 7 8 9 ; 19 23 ;
0 6 15 ; 1 5 ; 2 0 ; 3 2 3 ; 4 0 ; 5 1 ; 6 4 ; 7 7 ; 8 7 ; 9 7 ; 10 17 ; 11 18 ; 12 16 ; 13 16 ; 14 0 ; 15 12 ; 16 13 ; 17 14 ; 18 11 ; 19 8 ; 20 9 ; 21 10 ; 22 19 ;
0 7 12 16 21 ; 1 15 ; 2 13 14 ; 3 0 ; 4 0 ; 5 8 9 ; 6 10 ; 7 11 ; 8 0 ; 9 3 ; 10 1 2 ; 11 0 ; 12 0 ; 13 4 5 6 ; 14 0 ; 15 20 ; 16 17 ; 17 18 ; 18 0 ; 19 0 ; 20 19 ; 21 0 ; 22 22 ;
0 3 6 19 ; 1 5 ; 2 0 ; 3 1 ; 4 4 ; 5 0 ; 6 2 ; 7 9 ; 8 23 ; 9 24 ; 10 7 8 ; 11 20 21 22 ; 12 16 ; 13 10 ; 14 12 ; 15 11 ; 16 13 ; 17 0 ; 18 14 ; 19 15 ; 20 17 ; 21 18 ; 22 25 ;
0 5 6 11 13 14 15 18 ; 1 7 ; 2 2 ; 3 3 4 ; 4 1 ; 5 0 ; 6 8 ; 7 9 ; 8 19 ; 9 19 ; 10 17 ; 11 16 ; 12 12 ; 13 0 ; 14 0 ; 15 0 ; 16 0 ; 17 0 ; 18 10 ; 19 0 ; 20 0 ; 21 20 ;
0 16 17 23 24 27 ; 1 1 ; 2 2 3 ; 3 4 ; 4 9 10 11 12 ; 5 8 ; 6 5 6 7 ; 7 0 ; 8 0 ; 9 0 ; 10 25 ; 11 26 ; 12 13 14 ; 13 15 ; 14 0 ; 15 19 ; 16 18 ; 17 20 21 ; 18 22 ; 19 28 ;
0 8 11 12 16 17 20 23 27 ; 1 4 5 6 7 ; 2 3 ; 3 1 ; 4 2 ; 5 0 ; 6 0 ; 7 0 ; 8 25 ; 9 26 ; 10 24 ; 11 22 ; 12 0 ; 13 9 ; 14 10 ; 15 21 ; 16 18 ; 17 13 14 ; 18 15 ; 19 19 ; 20 28 ;
0 2 9 20 22 25 ; 1 4 5 6 ; 2 3 ; 3 1 ; 4 0 ; 5 0 ; 6 7 ; 7 15 ; 8 16 ; 9 12 13 14 ; 10 10 11 ; 11 8 ; 12 8 ; 13 17 ; 14 0 ; 15 0 ; 16 24 ; 17 23 ; 18 21 ; 19 0 ; 20 18 19 ; 21 26 ;
0 3 17 18 21 ; 1 0 ; 2 0 ; 3 0 ; 4 20 ; 5 19 ; 6 0 ; 7 1 ; 8 2 ; 9 2 ; 10 16 ; 11 15 ; 12 13 14 ; 13 12 ; 14 11 ; 15 10 ; 16 7 8 9 ; 17 0 ; 18 5 ; 19 6 ; 20 4 ; 21 22 ;
0 6 13 17 24 ; 1 1 ; 2 10 ; 3 10 ; 4 9 ; 5 8 ; 6 0 ; 7 7 ; 8 4 5 ; 9 2 ; 10 3 ; 11 11 ; 12 12 ; 13 23 ; 14 22 ; 15 22 ; 16 22 ; 17 20 ; 18 21 ; 19 19 ; 20 18 ; 21 16 ; 22 14 15 ; 23 25 ;
0 4 10 21 ; 1 1 ; 2 2 ; 3 3 ; 4 16 17 ; 5 19 20 ; 6 0 ; 7 18 ; 8 13 14 15 ; 9 11 ; 10 12 ; 11 0 ; 12 7 8 9 ; 13 5 ; 14 6 ; 15 22 ;
0 6 9 10 17 20 22 24 25 ; 1 0 ; 2 5 ; 3 7 ; 4 8 ; 5 4 ; 6 1 ; 7 2 3 ; 8 23 ; 9 23 ; 10 13 ; 11 14 ; 12 15 ; 13 16 ; 14 21 ; 15 18 19 ; 16 12 ; 17 0 ; 18 11 ; 19 26 ;
0 2 5 16 ; 1 0 ; 2 17 18 ; 3 14 15 ; 4 4 ; 5 0 ; 6 0 ; 7 6 ; 8 7 ; 9 12 ; 10 8 9 ; 11 10 11 ; 12 13 ; 13 3 ; 14 1 ; 15 0 ; 16 0 ; 17 19 ; 18 20 21 ; 19 22 ; 20 23 ;
0 2 5 8 9 16 22 23 24 25 ; 1 0 ; 2 1 ; 3 26 ; 4 27 ; 5 0 ; 6 13 ; 7 14 15 ; 8 12 ; 9 10 11 ; 10 3 ; 11 4 ; 12 6 7 ; 13 0 ; 14 0 ; 15 0 ; 16 20 21 ; 17 17 18 ; 18 19 ; 19 28 ;
0 2 14 19 ; 1 0 ; 2 12 ; 3 13 ; 4 11 ; 5 0 ; 6 9 ; 7 10 ; 8 0 ; 9 6 7 8 ; 10 3 4 5 ; 11 0 ; 12 0 ; 13 1 ; 14 20 21 ; 15 0 ; 16 0 ; 17 17 ; 18 18 ; 19 0 ; 20 15 16 ; 21 22 ;
0 7 8 9 12 13 26 27 ; 1 1 ; 2 2 ; 3 3 ; 4 4 ; 5 5 ; 6 23 24 25 ; 7 20 21 22 ; 8 18 ; 9 19 ; 10 15 ; 11 16 17 ; 12 14 ; 13 14 ; 14 0 ; 15 6 10 11 ; 16 28 ;
0 2 18 ; 1 0 ; 2 12 ; 3 13 ; 4 11 ; 5 10 ; 6 9 ; 7 0 ; 8 8 ; 9 7 ; 10 6 ; 11 3 4 5 ; 12 0 ; 13 0 ; 14 1 ; 15 19 20 ; 16 0 ; 17 0 ; 18 16 ; 19 17 ; 20 0 ; 21 14 15 ; 22 21 ;
0 2 5 8 9 15 16 23 24 25 ; 1 0 ; 2 1 ; 3 26 ; 4 27 ; 5 0 ; 6 0 ; 7 13 ; 8 14 ; 9 12 ; 10 10 11 ; 11 3 ; 12 4 ; 13 6 7 ; 14 22 ; 15 0 ; 16 0 ; 17 20 21 ; 18 17 18 ; 19 19 ; 20 28 ;
0 3 ; 1 1 ; 2 4 ; 3 2 ; 4 0 ; 5 0 ; 6 8 ; 7 7 ; 8 6 ; 9 0 ; 10 5 ; 11 0 ; 12 9 ; 13 0 ; 14 11 ; 15 12 ; 16 13 ; 17 10 ; 18 0 ; 19 0 ; 20 0 ; 21 18 19 ; 22 17 ; 23 14 15 16 ; 24 0 ; 25 20 ;
0 11 13 18 20 21 ; 1 1 ; 2 2 ; 3 3 ; 4 0 ; 5 0 ; 6 19 ; 7 0 ; 8 14 ; 9 15 ; 10 16 ; 11 17 ; 12 12 ; 13 0 ; 14 0 ; 15 0 ; 16 9 ; 17 10 ; 18 7 8 ; 19 0 ; 20 4 ; 21 5 ; 22 6 ; 23 22 ;
0 18 22 ; 1 7 ; 2 4 5 ; 3 3 ; 4 0 ; 5 1 ; 6 2 ; 7 6 ; 8 6 ; 9 8 ; 10 9 ; 11 10 ; 12 11 ; 13 12 ; 14 0 ; 15 0 ; 16 19 ; 17 20 ; 18 21 ; 19 0 ; 20 0 ; 21 0 ; 22 15 16 17 ; 23 13 ; 24 14 ; 25 23 ;
0 10 14 15 17 19 22 ; 1 16 ; 2 16 ; 3 1 2 ; 4 0 ; 5 0 ; 6 0 ; 7 0 ; 8 11 12 ; 9 13 ; 10 8 9 ; 11 5 ; 12 6 7 ; 13 3 ; 14 4 ; 15 0 ; 16 25 ; 17 0 ; 18 0 ; 19 23 24 ; 20 0 ; 21 20 21 ; 22 0 ; 23 18 ; 24 26 ;
0 4 8 9 15 16 18 19 20 21 ; 1 12 ; 2 1 ; 3 2 ; 4 10 ; 5 11 ; 6 0 ; 7 6 ; 8 7 ; 9 0 ; 10 5 ; 11 3 ; 12 13 ; 13 14 ; 14 0 ; 15 0 ; 16 24 ; 17 22 23 ; 18 0 ; 19 0 ; 20 17 ; 21 25 ; 22 26 ;
0 2 12 15 19 20 ; 1 4 ; 2 5 ; 3 6 ; 4 3 ; 5 1 ; 6 1 ; 7 0 ; 8 18 ; 9 17 ; 10 16 ; 11 0 ; 12 0 ; 13 13 14 ; 14 0 ; 15 0 ; 16 8 ; 17 7 ; 18 9 ; 19 10 ; 20 11 ; 21 21 ;
0 12 15 24 ; 1 5 ; 2 1 2 ; 3 3 ; 4 4 ; 5 0 ; 6 6 ; 7 7 ; 8 22 23 ; 9 18 ; 10 19 20 ; 11 21 ; 12 9 10 11 ; 13 8 ; 14 17 ; 15 16 ; 16 14 ; 17 13 ; 18 25 ;
0 5 ; 1 1 ; 2 1 ; 3 0 ; 4 0 ; 5 19 ; 6 0 ; 7 17 18 ; 8 0 ; 9 15 ; 10 14 ; 11 16 ; 12 2 ; 13 0 ; 14 3 ; 15 4 ; 16 0 ; 17 13 ; 18 12 ; 19 7 ; 20 0 ; 21 10 11 ; 22 0 ; 23 9 ; 24 8 ; 25 6 ; 26 20 ;
0 4 10 11 12 13 14 ; 1 23 24 ; 2 21 ; 3 22 ; 4 0 ; 5 0 ; 6 15 ; 7 16 17 ; 8 5 ; 9 1 ; 10 2 3 ; 11 20 ; 12 18 19 ; 13 0 ; 14 0 ; 15 8 9 ; 16 6 7 ; 17 25 ;
0 4 11 16 18 19 ; 1 0 ; 2 5 ; 3 0 ; 4 2 ; 5 1 ; 6 3 ; 7 6 ; 8 7 ; 9 0 ; 10 0 ; 11 0 ; 12 0 ; 13 0 ; 14 17 ; 15 17 ; 16 0 ; 17 8 ; 18 9 ; 19 10 ; 20 0 ; 21 14 15 ; 22 0 ; 23 0 ; 24 12 13 ; 25 20 ;
0 4 6 7 14 19 21 ; 1 3 ; 2 5 ; 3 2 ; 4 0 ; 5 1 ; 6 9 ; 7 0 ; 8 8 ; 9 22 23 ; 10 24 ; 11 20 ; 12 16 ; 13 18 ; 14 0 ; 15 17 ; 16 15 ; 17 0 ; 18 12 ; 19 13 ; 20 11 ; 21 10 ; 22 25 ;
0 9 13 20 ; 1 0 ; 2 5 ; 3 6 ; 4 7 ; 5 8 ; 6 3 ; 7 4 ; 8 2 ; 9 1 ; 10 0 ; 11 0 ; 12 15 ; 13 18 19 ; 14 21 ; 15 17 ; 16 0 ; 17 0 ; 18 16 ; 19 14 ; 20 0 ; 21 12 ; 22 0 ; 23 10 11 ; 24 22 ;
0 9 10 17 21 22 ; 1 7 ; 2 0 ; 3 1 ; 4 2 ; 5 8 ; 6 3 ; 7 4 5 6 ; 8 0 ; 9 0 ; 10 0 ; 11 19 ; 12 0 ; 13 20 ; 14 0 ; 15 18 ; 16 11 ; 17 12 ; 18 13 ; 19 14 ; 20 15 ; 21 16 ; 22 23 ;
0 5 12 15 17 19 23 24 25 ; 1 0 ; 2 9 10 11 ; 3 16 ; 4 13 14 ; 5 6 7 8 ; 6 0 ; 7 4 ; 8 3 ; 9 1 ; 10 2 ; 11 0 ; 12 26 ; 13 30 ; 14 29 ; 15 27 28 ; 16 20 21 22 ; 17 0 ; 18 18 ; 19 31 ;
0 6 22 ; 1 11 ; 2 7 ; 3 0 ; 4 10 ; 5 9 ; 6 8 ; 7 5 ; 8 4 ; 9 3 ; 10 1 ; 11 2 ; 12 0 ; 13 12 ; 14 17 18 ; 15 15 16 ; 16 0 ; 17 13 ; 18 14 ; 19 23 24 ; 20 25 ; 21 19 ; 22 20 21 ; 23 26 ;
0 5 9 23 ; 1 1 ; 2 2 ; 3 0 ; 4 0 ; 5 6 ; 6 4 ; 7 3 ; 8 7 ; 9 19 ; 10 18 ; 11 0 ; 12 16 ; 13 15 ; 14 17 ; 15 14 ; 16 13 ; 17 8 ; 18 10 ; 19 11 ; 20 12 ; 21 20 ; 22 22 ; 23 0 ; 24 21 ; 25 0 ; 26 24 ;
0 4 11 15 16 17 19 ; 1 0 ; 2 0 ; 3 0 ; 4 21 ; 5 20 ; 6 0 ; 7 18 ; 8 0 ; 9 1 ; 10 2 ; 11 3 ; 12 14 ; 13 5 ; 14 6 ; 15 0 ; 16 7 ; 17 8 ; 18 9 ; 19 10 ; 20 14 ; 21 12 ; 22 13 ; 23 0 ; 24 22 ;
0 7 9 10 11 13 20 ; 1 4 5 ; 2 6 8 ; 3 1 ; 4 2 ; 5 3 ; 6 0 ; 7 12 ; 8 0 ; 9 21 22 ; 10 23 24 ; 11 14 15 ; 12 0 ; 13 18 19 ; 14 0 ; 15 16 17 ; 16 25 ;
0 8 11 16 ; 1 6 ; 2 7 ; 3 0 ; 4 4 ; 5 5 ; 6 3 ; 7 1 ; 8 2 ; 9 0 ; 10 17 18 ; 11 15 ; 12 15 ; 13 14 ; 14 14 ; 15 12 ; 16 13 ; 17 0 ; 18 0 ; 19 9 ; 20 10 ; 21 0 ; 22 0 ; 23 19 ;
0 12 13 ; 1 1 ; 2 2 ; 3 3 4 5 ; 4 6 ; 5 7 ; 6 7 ; 7 8 9 ; 8 0 ; 9 0 ; 10 0 ; 11 0 ; 12 21 ; 13 19 20 ; 14 14 ; 15 18 ; 16 10 ; 17 11 ; 18 15 16 17 ; 19 22 ;
0 10 12 17 19 20 ; 1 1 ; 2 2 ; 3 3 ; 4 4 ; 5 5 ; 6 6 ; 7 0 ; 8 0 ; 9 18 ; 10 0 ; 11 0 ; 12 14 ; 13 13 ; 14 15 ; 15 16 ; 16 11 ; 17 7 ; 18 8 ; 19 9 ; 20 21 ;
0 8 13 19 ; 1 0 ; 2 6 ; 3 4 5 ; 4 3 ; 5 1 ; 6 2 ; 7 7 ; 8 0 ; 9 0 ; 10 0 ; 11 9 10 11 12 ; 12 14 ; 13 15 ; 14 0 ; 15 16 ; 16 17 ; 17 0 ; 18 20 21 ; 19 0 ; 20 18 ; 21 22 ;
0 4 12 13 14 16 ; 1 0 ; 2 5 6 ; 3 7 8 ; 4 0 ; 5 1 ; 6 0 ; 7 0 ; 8 11 ; 9 0 ; 10 9 10 ; 11 2 ; 12 3 ; 13 0 ; 14 0 ; 15 17 18 ; 16 19 20 ; 17 0 ; 18 15 ; 19 0 ; 20 21 22 ; 21 23 ;
0 3 5 7 8 9 10 13 15 21 22 ; 1 1 ; 2 2 ; 3 23 ; 4 0 ; 5 24 ; 6 20 ; 7 19 ; 8 17 18 ; 9 16 ; 10 11 12 ; 11 14 ; 12 6 ; 13 0 ; 14 4 ; 15 25 ;
0 3 4 5 8 11 12 14 17 18 25 ; 1 0 ; 2 1 ; 3 0 ; 4 0 ; 5 2 ; 6 6 7 ; 7 0 ; 8 0 ; 9 23 ; 10 24 ; 11 22 ; 12 19 20 21 ; 13 15 ; 14 16 ; 15 13 ; 16 0 ; 17 9 ; 18 10 ; 19 26 ;
0 16 17 18 20 ; 1 3 ; 2 1 ; 3 2 ; 4 0 ; 5 0 ; 6 4 5 ; 7 6 7 ; 8 8 ; 9 9 ; 10 19 ; 11 10 ; 12 0 ; 13 11 ; 14 12 13 ; 15 0 ; 16 14 ; 17 15 ; 18 0 ; 19 21 ;
0 4 12 13 14 17 18 20 ; 1 0 ; 2 1 2 3 ; 3 21 22 ; 4 23 ; 5 0 ; 6 19 ; 7 0 ; 8 0 ; 9 16 ; 10 0 ; 11 15 ; 12 9 ; 13 10 11 ; 14 0 ; 15 8 ; 16 7 ; 17 0 ; 18 5 ; 19 6 ; 20 24 ;
0 3 7 8 9 14 15 17 18 ; 1 5 ; 2 0 ; 3 1 ; 4 4 ; 5 6 ; 6 2 ; 7 2 ; 8 0 ; 9 11 ; 10 10 ; 11 12 ; 12 13 ; 13 16 ; 14 20 ; 15 19 ; 16 21 ;
0 6 9 12 18 19 20 ; 1 11 ; 2 0 ; 3 10 ; 4 0 ; 5 16 17 ; 6 0 ; 7 15 ; 8 0 ; 9 13 ; 10 14 ; 11 1 ; 12 8 ; 13 0 ; 14 0 ; 15 0 ; 16 0 ; 17 5 ; 18 7 ; 19 4 ; 20 0 ; 21 2 ; 22 3 ; 23 21 ;
0 4 5 10 15 16 19 ; 1 0 ; 2 3 ; 3 0 ; 4 0 ; 5 1 ; 6 2 ; 7 21 22 ; 8 23 ; 9 11 12 ; 10 13 ; 11 0 ; 12 6 ; 13 7 8 ; 14 9 ; 15 17 ; 16 0 ; 17 18 ; 18 0 ; 19 20 ; 20 14 ; 21 24 ;
0 7 13 15 20 23 24 25 ; 1 1 ; 2 2 ; 3 4 ; 4 4 ; 5 3 ; 6 5 ; 7 6 ; 8 0 ; 9 0 ; 10 21 ; 11 22 ; 12 0 ; 13 16 17 ; 14 18 ; 15 19 ; 16 14 ; 17 10 11 ; 18 12 ; 19 0 ; 20 9 ; 21 0 ; 22 8 ; 23 26 ;
0 0 ; 1 2 ; 2 0 ; 3 3 ; 4 5 ; 5 6 ; 6 4 ; 7 7 ; 8 1 ; 9 0 ; 10 9 ; 11 10 ; 12 8 ; 13 0 ; 14 0 ; 15 11 ; 16 12 ; 17 0 ; 18 13 ; 19 14 ; 20 15 ; 21 16 ; 22 18 ; 23 18 ; 24 17 ; 25 19 ; 26 20 ;
0 2 8 14 25 26 ; 1 9 ; 2 10 ; 3 6 ; 4 7 ; 5 0 ; 6 1 ; 7 0 ; 8 4 ; 9 5 ; 10 3 ; 11 22 23 ; 12 24 ; 13 19 ; 14 20 21 ; 15 16 17 18 ; 16 15 ; 17 0 ; 18 13 ; 19 12 ; 20 11 ; 21 27 ;
0 8 20 24 27 28 ; 1 1 2 3 4 5 6 7 ; 2 0 ; 3 0 ; 4 25 26 ; 5 0 ; 6 21 ; 7 19 ; 8 22 23 ; 9 18 ; 10 0 ; 11 16 17 ; 12 15 ; 13 9 10 11 12 ; 14 13 14 ; 15 29 ;
0 4 8 9 10 13 16 18 21 22 23 26 ; 1 1 2 ; 2 3 ; 3 24 25 ; 4 20 ; 5 14 ; 6 14 ; 7 15 ; 8 17 ; 9 0 ; 10 11 ; 11 5 6 7 ; 12 12 ; 13 0 ; 14 0 ; 15 19 ; 16 27 ;
0 6 14 15 18 ; 1 1 ; 2 2 ; 3 3 ; 4 4 ; 5 8 9 10 11 ; 6 7 ; 7 5 ; 8 0 ; 9 0 ; 10 21 ; 11 0 ; 12 0 ; 13 0 ; 14 19 ; 15 12 ; 16 13 ; 17 20 ; 18 22 ; 19 16 ; 20 17 ; 21 0 ; 22 23 ;
0 12 13 14 18 21 24 ; 1 1 ; 2 0 ; 3 0 ; 4 8 ; 5 11 ; 6 0 ; 7 9 10 ; 8 0 ; 9 3 4 5 6 7 ; 10 2 ; 11 22 ; 12 23 ; 13 23 ; 14 19 20 ; 15 0 ; 16 17 ; 17 15 ; 18 16 ; 19 0 ; 20 25 ;
0 2 6 8 9 10 18 ; 1 1 ; 2 0 ; 3 0 ; 4 19 ; 5 20 21 ; 6 17 ; 7 0 ; 8 0 ; 9 7 ; 10 0 ; 11 12 13 ; 12 14 ; 13 11 ; 14 4 ; 15 5 ; 16 5 ; 17 15 ; 18 16 ; 19 3 ; 20 22 ;
0 3 9 17 18 19 21 ; 1 14 ; 2 15 ; 3 12 13 ; 4 1 ; 5 4 ; 6 2 ; 7 10 ; 8 11 ; 9 0 ; 10 5 6 ; 11 7 ; 12 8 ; 13 22 ; 14 23 ; 15 0 ; 16 20 ; 17 0 ; 18 16 ; 19 24 ;
0 14 ; 1 1 2 3 ; 2 0 ; 3 13 ; 4 0 ; 5 0 ; 6 10 ; 7 11 ; 8 12 ; 9 0 ; 10 9 ; 11 0 ; 12 4 5 ; 13 8 ; 14 6 ; 15 7 ; 16 15 ; 17 0 ; 18 18 ; 19 19 ; 20 16 17 ; 21 20 ;
0 2 6 8 10 11 16 17 ; 1 0 ; 2 12 13 ; 3 3 ; 4 9 ; 5 0 ; 6 0 ; 7 20 ; 8 21 ; 9 14 ; 10 15 ; 11 18 19 ; 12 7 ; 13 7 ; 14 7 ; 15 4 5 ; 16 0 ; 17 1 ; 18 22 ;
0 4 7 11 23 ; 1 13 ; 2 1 2 ; 3 12 ; 4 0 ; 5 10 ; 6 9 ; 7 3 ; 8 8 ; 9 5 ; 10 6 ; 11 0 ; 12 24 ; 13 22 ; 14 20 ; 15 21 ; 16 19 ; 17 17 18 ; 18 15 16 ; 19 14 ; 20 25 ;
0 4 5 11 12 17 21 ; 1 0 ; 2 20 ; 3 18 ; 4 19 ; 5 16 ; 6 15 ; 7 13 14 ; 8 0 ; 9 0 ; 10 7 ; 11 8 9 10 ; 12 6 ; 13 0 ; 14 1 ; 15 2 ; 16 3 ; 17 0 ; 18 22 ;
0 12 13 14 15 16 17 ; 1 0 ; 2 1 2 3 ; 3 20 21 ; 4 22 ; 5 0 ; 6 18 19 ; 7 0 ; 8 0 ; 9 0 ; 10 0 ; 11 7 ; 12 8 ; 13 9 10 11 ; 14 0 ; 15 6 ; 16 0 ; 17 4 ; 18 5 ; 19 23 ;
0 7 9 10 19 ; 1 5 6 ; 2 4 ; 3 2 ; 4 1 ; 5 0 ; 6 3 ; 7 20 ; 8 21 ; 9 0 ; 10 22 ; 11 8 ; 12 17 ; 13 18 ; 14 0 ; 15 0 ; 16 14 15 ; 17 16 ; 18 11 ; 19 12 ; 20 0 ; 21 13 ; 22 23 ;
0 10 16 20 21 22 25 ; 1 0 ; 2 23 24 ; 3 15 ; 4 17 ; 5 18 ; 6 0 ; 7 19 ; 8 14 ; 9 11 12 13 ; 10 8 ; 11 9 ; 12 7 ; 13 5 ; 14 6 ; 15 1 2 ; 16 3 ; 17 3 ; 18 3 ; 19 4 ; 20 0 ; 21 26 ;
0 20 21 ; 1 0 ; 2 2 3 ; 3 1 ; 4 4 ; 5 6 ; 6 5 ; 7 7 ; 8 8 ; 9 19 ; 10 18 ; 11 13 ; 12 14 15 ; 13 16 ; 14 17 ; 15 12 ; 16 10 ; 17 9 ; 18 11 ; 19 0 ; 20 22 ;
0 6 8 9 15 16 19 21 ; 1 24 ; 2 22 ; 3 20 ; 4 17 18 ; 5 23 ; 6 7 ; 7 3 ; 8 5 ; 9 0 ; 10 1 2 ; 11 4 ; 12 14 ; 13 13 ; 14 11 ; 15 10 ; 16 12 ; 17 25 ;
0 8 10 20 21 ; 1 1 ; 2 2 3 ; 3 0 ; 4 0 ; 5 19 ; 6 0 ; 7 17 18 ; 8 15 ; 9 16 ; 10 14 ; 11 11 ; 12 12 ; 13 13 ; 14 9 ; 15 4 5 ; 16 0 ; 17 6 ; 18 7 ; 19 22 ;
0 10 16 17 ; 1 0 ; 2 7 ; 3 8 ; 4 0 ; 5 6 ; 6 5 ; 7 5 ; 8 3 ; 9 4 ; 10 4 ; 11 2 ; 12 1 ; 13 0 ; 14 0 ; 15 0 ; 16 9 ; 17 0 ; 18 13 ; 19 14 ; 20 15 ; 21 12 ; 22 0 ; 23 11 ; 24 18 ;
0 5 9 ; 1 6 ; 2 1 ; 3 1 ; 4 2 3 ; 5 4 ; 6 0 ; 7 7 ; 8 8 ; 9 22 ; 10 0 ; 11 10 ; 12 19 20 ; 13 21 ; 14 18 ; 15 16 17 ; 16 11 ; 17 12 ; 18 13 14 15 ; 19 23 ;
0 2 18 19 20 ; 1 11 ; 2 8 ; 3 7 ; 4 9 ; 5 6 ; 6 10 ; 7 5 ; 8 4 ; 9 3 ; 10 0 ; 11 1 ; 12 0 ; 13 12 ; 14 13 ; 15 21 ; 16 22 ; 17 0 ; 18 0 ; 19 0 ; 20 0 ; 21 16 ; 22 17 ; 23 14 ; 24 15 ; 25 23 ;
0 8 9 11 14 15 18 ; 1 6 ; 2 7 ; 3 5 ; 4 4 ; 5 1 ; 6 2 ; 7 3 ; 8 21 ; 9 19 20 ; 10 17 ; 11 16 ; 12 13 ; 13 12 ; 14 10 ; 15 22 ; 16 23 ;
0 10 11 13 16 20 ; 1 5 6 ; 2 4 ; 3 3 ; 4 1 ; 5 1 ; 6 2 ; 7 19 ; 8 0 ; 9 18 ; 10 0 ; 11 15 ; 12 17 ; 13 14 ; 14 7 ; 15 8 9 ; 16 12 ; 17 21 ;
0 4 13 17 20 21 ; 1 3 ; 2 1 2 ; 3 0 ; 4 0 ; 5 19 ; 6 22 ; 7 5 ; 8 9 ; 9 8 ; 10 6 ; 11 7 ; 12 10 11 ; 13 18 ; 14 0 ; 15 12 ; 16 14 ; 17 15 16 ; 18 23 ;
0 9 17 21 ; 1 1 ; 2 11 ; 3 6 ; 4 5 ; 5 10 ; 6 0 ; 7 7 8 ; 8 0 ; 9 3 4 ; 10 2 ; 11 0 ; 12 0 ; 13 0 ; 14 22 ; 15 18 19 20 ; 16 13 ; 17 14 15 16 ; 18 0 ; 19 12 ; 20 23 ;
0 10 ; 1 1 ; 2 0 ; 3 6 ; 4 2 3 4 5 ; 5 7 ; 6 20 ; 7 21 ; 8 9 ; 9 8 ; 10 0 ; 11 18 ; 12 19 ; 13 17 ; 14 16 ; 15 0 ; 16 13 ; 17 14 ; 18 15 ; 19 12 ; 20 0 ; 21 11 ; 22 22 ;
0 6 7 ; 1 13 ; 2 0 ; 3 0 ; 4 15 ; 5 14 ; 6 16 17 ; 7 1 ; 8 2 ; 9 2 ; 10 3 ; 11 0 ; 12 0 ; 13 12 ; 14 11 ; 15 4 ; 16 5 ; 17 18 ; 18 19 ; 19 0 ; 20 0 ; 21 8 9 ; 22 10 ; 23 20 ;
0 9 12 16 ; 1 1 2 ; 2 20 21 ; 3 17 18 19 ; 4 13 ; 5 14 ; 6 15 ; 7 10 ; 8 11 ; 9 22 ; 10 3 ; 11 4 ; 12 5 ; 13 6 7 ; 14 8 ; 15 23 ;
0 6 9 10 15 ; 1 22 ; 2 21 ; 3 20 ; 4 19 ; 5 18 ; 6 17 ; 7 16 ; 8 13 ; 9 14 ; 10 12 ; 11 5 ; 12 11 ; 13 11 ; 14 7 8 ; 15 0 ; 16 2 ; 17 3 4 ; 18 0 ; 19 1 ; 20 23 ;
0 5 11 18 22 ; 1 6 7 8 10 ; 2 9 ; 3 4 ; 4 1 2 ; 5 3 ; 6 0 ; 7 0 ; 8 23 ; 9 24 ; 10 19 ; 11 20 ; 12 21 ; 13 15 16 17 ; 14 12 ; 15 13 14 ; 16 25 ;
0 4 7 10 18 ; 1 11 ; 2 11 ; 3 12 ; 4 0 ; 5 0 ; 6 8 9 ; 7 2 ; 8 1 ; 9 0 ; 10 5 6 ; 11 0 ; 12 0 ; 13 3 ; 14 0 ; 15 0 ; 16 0 ; 17 0 ; 18 13 ; 19 19 ; 20 19 ; 21 17 ; 22 14 15 ; 23 16 ; 24 20 ;
0 6 7 ; 1 0 ; 2 12 13 ; 3 14 ; 4 8 9 10 11 ; 5 5 ; 6 4 ; 7 1 ; 8 2 3 ; 9 16 ; 10 17 18 ; 11 15 ; 12 15 ; 13 15 ; 14 19 ;
0 12 13 17 ; 1 14 ; 2 14 ; 3 0 ; 4 7 ; 5 8 ; 6 9 ; 7 10 11 ; 8 0 ; 9 3 ; 10 1 2 ; 11 4 ; 12 5 6 ; 13 0 ; 14 16 ; 15 15 ; 16 20 21 ; 17 0 ; 18 0 ; 19 18 ; 20 19 ; 21 22 ;
0 13 24 25 ; 1 1 2 3 ; 2 0 ; 3 4 ; 4 5 ; 5 6 ; 6 7 ; 7 0 ; 8 12 ; 9 11 ; 10 8 ; 11 9 10 ; 12 14 ; 13 21 22 ; 14 23 ; 15 20 ; 16 16 ; 17 17 18 19 ; 18 15 ; 19 26 ;
0 13 14 20 21 ; 1 1 2 ; 2 3 ; 3 4 ; 4 17 18 19 ; 5 10 ; 6 10 ; 7 0 ; 8 11 ; 9 0 ; 10 12 ; 11 16 ; 12 15 ; 13 7 8 9 ; 14 5 ; 15 6 ; 16 22 ;
0 1 9 10 ; 1 0 ; 2 2 3 ; 3 11 12 ; 4 13 ; 5 7 ; 6 0 ; 7 8 ; 8 6 ; 9 0 ; 10 0 ; 11 4 ; 12 5 ; 13 0 ; 14 14 ; 15 19 ; 16 19 ; 17 0 ; 18 15 ; 19 16 ; 20 16 ; 21 17 18 ; 22 20 ;
0 5 ; 1 9 ; 2 0 ; 3 6 7 ; 4 8 ; 5 1 ; 6 2 ; 7 3 ; 8 4 ; 9 0 ; 10 10 ; 11 18 ; 12 18 ; 13 16 ; 14 17 ; 15 14 ; 16 11 ; 17 12 13 ; 18 15 ; 19 19 ;
0 5 8 9 14 15 ; 1 21 ; 2 20 ; 3 20 ; 4 16 ; 5 17 ; 6 19 ; 7 18 ; 8 13 ; 9 0 ; 10 6 ; 11 1 2 ; 12 3 ; 13 4 ; 14 10 11 12 ; 15 7 ; 16 22 ;
0 18 ; 1 4 5 7 8 9 10 11 ; 2 6 ; 3 0 ; 4 1 ; 5 2 ; 6 3 ; 7 12 ; 8 16 ; 9 15 ; 10 13 ; 11 14 ; 12 20 ; 13 20 ; 14 19 ; 15 17 ; 16 20 ; 17 21 ;
0 7 8 9 10 12 ; 1 13 ; 2 0 ; 3 0 ; 4 0 ; 5 1 2 ; 6 3 ; 7 6 ; 8 0 ; 9 5 ; 10 0 ; 11 4 ; 12 0 ; 13 11 ; 14 18 ; 15 18 ; 16 16 ; 17 17 ; 18 15 ; 19 0 ; 20 14 ; 21 14 ; 22 14 ; 23 19 ;
0 2 10 11 ; 1 0 ; 2 22 ; 3 22 ; 4 16 17 ; 5 18 19 20 ; 6 21 ; 7 13 14 15 ; 8 0 ; 9 12 ; 10 0 ; 11 5 ; 12 4 ; 13 6 ; 14 0 ; 15 0 ; 16 7 8 ; 17 9 ; 18 3 ; 19 1 ; 20 23 ;
0 5 9 12 13 ; 1 1 ; 2 0 ; 3 1 ; 4 2 ; 5 3 4 ; 6 6 ; 7 7 ; 8 8 ; 9 0 ; 10 18 ; 11 17 ; 12 19 ; 13 14 ; 14 15 ; 15 16 ; 16 0 ; 17 10 ; 18 11 ; 19 20 ;
0 4 14 ; 1 1 ; 2 2 3 ; 3 20 ; 4 21 ; 5 19 ; 6 0 ; 7 17 18 ; 8 15 16 ; 9 0 ; 10 0 ; 11 0 ; 12 12 ; 13 13 ; 14 0 ; 15 11 ; 16 7 8 9 ; 17 10 ; 18 6 ; 19 0 ; 20 5 ; 21 22 ;
0 7 10 ; 1 15 ; 2 14 ; 3 11 ; 4 12 ; 5 13 ; 6 9 ; 7 8 ; 8 6 ; 9 5 ; 10 4 ; 11 3 ; 12 2 ; 13 1 ; 14 0 ; 15 23 ; 16 22 ; 17 22 ; 18 16 17 18 19 20 ; 19 21 ; 20 24 ;
0 10 12 14 ; 1 16 17 ; 2 15 ; 3 0 ; 4 22 ; 5 22 ; 6 20 ; 7 18 19 ; 8 21 ; 9 13 ; 10 11 ; 11 11 ; 12 8 9 ; 13 0 ; 14 7 ; 15 0 ; 16 1 2 ; 17 3 4 ; 18 5 ; 19 6 ; 20 23 ;
0 2 8 11 12 13 14 18 19 20 ; 1 1 ; 2 23 ; 3 23 ; 4 21 22 ; 5 0 ; 6 0 ; 7 0 ; 8 0 ; 9 0 ; 10 15 16 ; 11 17 ; 12 0 ; 13 0 ; 14 10 ; 15 9 ; 16 7 ; 17 3 4 ; 18 5 6 ; 19 0 ; 20 24 ;
0 4 10 13 ; 1 0 ; 2 8 ; 3 9 ; 4 6 ; 5 7 ; 6 5 ; 7 0 ; 8 1 ; 9 2 ; 10 3 ; 11 19 ; 12 18 ; 13 0 ; 14 15 ; 15 16 17 ; 16 14 ; 17 0 ; 18 11 12 ; 19 20 ;
0 2 9 10 11 ; 1 0 ; 2 22 ; 3 22 ; 4 16 17 ; 5 18 19 20 ; 6 21 ; 7 13 14 15 ; 8 0 ; 9 12 ; 10 0 ; 11 5 ; 12 4 ; 13 6 ; 14 0 ; 15 0 ; 16 7 8 ; 17 0 ; 18 3 ; 19 1 ; 20 23 ;
0 2 4 6 16 19 ; 1 5 ; 2 0 ; 3 1 3 ; 4 7 ; 5 13 ; 6 0 ; 7 8 9 10 ; 8 11 ; 9 12 ; 10 21 ; 11 21 ; 12 0 ; 13 14 ; 14 15 ; 15 20 ; 16 17 ; 17 18 ; 18 22 ;
0 3 6 7 10 13 15 16 17 18 19 ; 1 25 ; 2 25 ; 3 25 ; 4 25 ; 5 24 ; 6 20 ; 7 21 22 23 ; 8 0 ; 9 4 ; 10 0 ; 11 1 ; 12 2 ; 13 5 ; 14 0 ; 15 8 9 ; 16 14 ; 17 12 ; 18 11 ; 19 26 ;
0 4 7 8 10 18 ; 1 1 ; 2 2 ; 3 16 ; 4 15 ; 5 17 ; 6 0 ; 7 5 6 ; 8 3 ; 9 3 ; 10 3 ; 11 0 ; 12 0 ; 13 0 ; 14 0 ; 15 14 ; 16 13 ; 17 11 12 ; 18 9 ; 19 19 ;
0 3 4 7 10 20 ; 1 0 ; 2 0 ; 3 0 ; 4 22 ; 5 0 ; 6 9 ; 7 9 ; 8 9 ; 9 8 ; 10 0 ; 11 6 ; 12 5 ; 13 0 ; 14 2 ; 15 1 ; 16 0 ; 17 0 ; 18 21 ; 19 16 17 18 19 ; 20 15 ; 21 14 ; 22 13 ; 23 11 ; 24 12 ; 25 23 ;
0 5 7 12 20 ; 1 6 ; 2 4 ; 3 1 ; 4 2 ; 5 3 ; 6 19 ; 7 18 ; 8 8 9 ; 9 10 ; 10 11 ; 11 0 ; 12 13 ; 13 14 ; 14 15 16 ; 15 17 ; 16 0 ; 17 21 ;
0 3 6 12 13 15 20 ; 1 2 ; 2 1 ; 3 22 ; 4 22 ; 5 21 ; 6 0 ; 7 19 ; 8 0 ; 9 18 ; 10 16 17 ; 11 0 ; 12 14 ; 13 0 ; 14 10 ; 15 11 ; 16 7 8 9 ; 17 0 ; 18 0 ; 19 4 ; 20 5 ; 21 23 ;
0 5 6 8 ; 1 0 ; 2 13 14 ; 3 7 ; 4 7 ; 5 15 16 ; 6 19 ; 7 19 ; 8 19 ; 9 19 ; 10 17 ; 11 18 ; 12 9 10 11 12 ; 13 0 ; 14 0 ; 15 2 ; 16 3 ; 17 4 ; 18 1 ; 19 1 ; 20 20 ;
0 4 ; 1 0 ; 2 1 2 ; 3 0 ; 4 3 ; 5 5 6 ; 6 9 ; 7 0 ; 8 7 8 ; 9 10 ; 10 0 ; 11 12 ; 12 0 ; 13 0 ; 14 0 ; 15 11 ; 16 13 ; 17 14 15 16 17 18 ; 18 19 ; 19 20 ;
0 6 12 13 14 20 ; 1 1 ; 2 2 ; 3 23 ; 4 21 22 ; 5 0 ; 6 18 19 ; 7 17 ; 8 15 16 ; 9 5 ; 10 3 4 ; 11 7 ; 12 8 ; 13 9 ; 14 10 ; 15 11 ; 16 11 ; 17 24 ;
0 15 16 19 ; 1 1 ; 2 2 3 ; 3 18 ; 4 17 ; 5 20 ; 6 12 ; 7 13 ; 8 14 ; 9 11 ; 10 11 ; 11 0 ; 12 0 ; 13 7 8 9 10 ; 14 5 ; 15 4 ; 16 6 ; 17 21 ;
0 2 5 10 11 15 16 17 ; 1 0 ; 2 1 ; 3 20 ; 4 20 ; 5 18 ; 6 19 ; 7 14 ; 8 12 ; 9 13 ; 10 9 ; 11 7 ; 12 8 ; 13 6 ; 14 0 ; 15 3 ; 16 4 ; 17 21 ;
0 5 11 ; 1 2 ; 2 1 ; 3 3 4 ; 4 9 ; 5 7 ; 6 6 ; 7 8 ; 8 18 19 ; 9 20 ; 10 17 ; 11 17 ; 12 16 ; 13 15 ; 14 13 ; 15 14 ; 16 12 ; 17 0 ; 18 10 ; 19 21 ;
0 2 11 15 18 19 23 ; 1 9 ; 2 10 ; 3 8 ; 4 1 ; 5 3 4 ; 6 5 ; 7 6 ; 8 7 ; 9 21 22 ; 10 20 ; 11 16 17 ; 12 12 ; 13 13 14 ; 14 24 ;
0 3 6 9 11 14 17 18 ; 1 1 ; 2 2 ; 3 4 ; 4 5 ; 5 19 ; 6 20 ; 7 0 ; 8 10 ; 9 8 ; 10 0 ; 11 7 ; 12 15 ; 13 16 ; 14 0 ; 15 12 13 ; 16 21 ;
0 11 12 ; 1 7 ; 2 7 ; 3 7 ; 4 7 ; 5 7 ; 6 0 ; 7 8 ; 8 3 4 5 ; 9 6 ; 10 2 ; 11 1 ; 12 15 16 17 ; 13 0 ; 14 9 ; 15 10 ; 16 14 ; 17 13 ; 18 18 ;
0 1 2 7 12 15 16 27 ; 1 28 ; 2 26 ; 3 22 23 24 25 ; 4 0 ; 5 20 21 ; 6 19 ; 7 17 18 ; 8 11 13 14 ; 9 0 ; 10 10 ; 11 0 ; 12 8 ; 13 9 ; 14 3 4 6 ; 15 5 ; 16 29 ;
0 2 10 ; 1 0 ; 2 18 ; 3 18 ; 4 17 ; 5 1 ; 6 16 ; 7 15 ; 8 11 12 13 14 ; 9 7 ; 10 8 ; 11 9 ; 12 6 ; 13 4 ; 14 5 ; 15 3 ; 16 0 ; 17 19 ;
0 5 6 ; 1 1 ; 2 2 ; 3 18 ; 4 19 20 ; 5 16 ; 6 17 ; 7 11 12 13 ; 8 14 15 ; 9 10 ; 10 8 ; 11 9 ; 12 7 ; 13 3 4 ; 14 21 ;
0 8 12 17 ; 1 1 ; 2 6 ; 3 7 ; 4 5 ; 5 2 3 4 ; 6 18 ; 7 18 ; 8 15 ; 9 14 ; 10 16 ; 11 13 ; 12 0 ; 13 9 ; 14 10 ; 15 11 ; 16 19 ;
0 3 7 18 ; 1 12 ; 2 13 ; 3 14 ; 4 17 ; 5 16 ; 6 15 ; 7 16 ; 8 11 ; 9 10 ; 10 8 9 ; 11 5 ; 12 6 ; 13 4 ; 14 0 ; 15 1 ; 16 2 ; 17 19 ;
0 5 13 14 ; 1 0 ; 2 20 ; 3 19 ; 4 18 ; 5 4 ; 6 1 2 ; 7 3 ; 8 0 ; 9 17 ; 10 15 16 ; 11 0 ; 12 11 ; 13 12 ; 14 10 ; 15 9 ; 16 6 ; 17 7 ; 18 8 ; 19 21 ;
0 3 4 7 9 10 11 14 17 ; 1 2 ; 2 1 ; 3 0 ; 4 15 ; 5 16 ; 6 13 ; 7 12 ; 8 5 ; 9 6 ; 10 8 ; 11 23 ; 12 23 ; 13 22 ; 14 21 ; 15 18 19 ; 16 20 ; 17 24 ;
0 3 6 9 18 ; 1 14 ; 2 13 ; 3 0 ; 4 10 ; 5 11 ; 6 12 ; 7 4 5 7 ; 8 8 ; 9 0 ; 10 2 ; 11 1 ; 12 19 ; 13 19 ; 14 0 ; 15 16 17 ; 16 0 ; 17 15 ; 18 20 ;
0 5 14 ; 1 6 ; 2 7 ; 3 7 ; 4 1 ; 5 2 ; 6 3 ; 7 4 ; 8 8 ; 9 9 ; 10 15 16 ; 11 17 ; 12 17 ; 13 10 ; 14 10 ; 15 0 ; 16 11 ; 17 13 ; 18 0 ; 19 0 ; 20 12 ; 21 18 ;
0 5 8 9 11 12 14 15 18 19 21 ; 1 1 ; 2 2 3 ; 3 4 ; 4 20 ; 5 0 ; 6 0 ; 7 10 ; 8 0 ; 9 0 ; 10 6 ; 11 7 ; 12 16 ; 13 17 ; 14 13 ; 15 22 ;
0 3 12 16 ; 1 2 6 ; 2 1 ; 3 4 7 ; 4 5 ; 5 8 ; 6 21 ; 7 20 ; 8 20 ; 9 19 ; 10 20 ; 11 20 ; 12 20 ; 13 17 18 ; 14 15 ; 15 13 ; 16 14 ; 17 11 ; 18 9 ; 19 10 ; 20 22 ;
0 0 ; 1 6 ; 2 7 ; 3 5 ; 4 3 4 ; 5 0 ; 6 1 ; 7 1 ; 8 2 ; 9 0 ; 10 18 ; 11 18 ; 12 14 15 16 ; 13 17 ; 14 12 13 ; 15 0 ; 16 8 9 10 ; 17 11 ; 18 19 ;
0 6 7 14 19 ; 1 11 ; 2 0 ; 3 5 ; 4 8 ; 5 9 10 ; 6 4 ; 7 3 ; 8 1 ; 9 2 ; 10 18 ; 11 18 ; 12 17 ; 13 0 ; 14 0 ; 15 16 ; 16 15 ; 17 12 13 ; 18 20 ;
0 2 11 13 14 ; 1 0 ; 2 7 8 ; 3 0 ; 4 9 ; 5 10 ; 6 6 ; 7 4 5 ; 8 3 ; 9 1 ; 10 0 ; 11 0 ; 12 15 16 ; 13 17 ; 14 17 ; 15 12 ; 16 18 ; 17 19 ; 18 20 ;
0 8 12 13 17 23 ; 1 24 ; 2 22 ; 3 22 ; 4 18 19 20 21 ; 5 14 15 ; 6 16 ; 7 0 ; 8 9 10 ; 9 11 ; 10 7 ; 11 3 4 5 ; 12 6 ; 13 2 ; 14 0 ; 15 1 ; 16 25 ;
0 3 6 9 14 ; 1 1 ; 2 2 ; 3 19 ; 4 19 ; 5 0 ; 6 17 ; 7 18 ; 8 5 ; 9 0 ; 10 4 ; 11 16 ; 12 15 ; 13 7 ; 14 8 ; 15 10 ; 16 10 ; 17 0 ; 18 13 ; 19 12 ; 20 11 ; 21 20 ;
0 5 6 7 18 20 ; 1 4 ; 2 1 ; 3 2 ; 4 3 ; 5 16 17 ; 6 19 ; 7 13 14 15 ; 8 12 ; 9 21 ; 10 22 ; 11 11 ; 12 8 ; 13 9 ; 14 10 ; 15 0 ; 16 23 ;
0 2 8 9 15 16 17 18 ; 1 0 ; 2 21 ; 3 21 ; 4 19 20 ; 5 21 ; 6 0 ; 7 0 ; 8 7 ; 9 6 ; 10 4 ; 11 5 ; 12 3 ; 13 1 ; 14 0 ; 15 0 ; 16 13 ; 17 14 ; 18 10 ; 19 11 ; 20 12 ; 21 22 ;
0 6 13 19 ; 1 0 ; 2 4 5 ; 3 3 ; 4 1 ; 5 2 ; 6 18 ; 7 7 ; 8 17 ; 9 15 16 ; 10 0 ; 11 14 ; 12 8 ; 13 9 ; 14 10 ; 15 12 ; 16 0 ; 17 11 ; 18 20 ;
0 2 3 7 11 12 13 17 20 ; 1 18 ; 2 19 ; 3 0 ; 4 0 ; 5 16 ; 6 21 ; 7 14 15 ; 8 0 ; 9 1 ; 10 0 ; 11 0 ; 12 4 ; 13 9 10 ; 14 8 ; 15 0 ; 16 6 ; 17 5 ; 18 22 ;
0 2 4 5 6 16 19 ; 1 0 ; 2 8 ; 3 9 ; 4 0 ; 5 1 ; 6 3 ; 7 0 ; 8 7 ; 9 17 18 ; 10 20 ; 11 13 14 ; 12 15 ; 13 12 ; 14 10 11 ; 15 21 ;
0 4 5 6 10 11 14 15 ; 1 0 ; 2 0 ; 3 0 ; 4 0 ; 5 0 ; 6 1 ; 7 2 ; 8 3 ; 9 13 ; 10 12 ; 11 7 8 ; 12 9 ; 13 19 ; 14 19 ; 15 16 17 18 ; 16 20 ;
0 11 16 ; 1 0 ; 2 19 ; 3 19 ; 4 17 ; 5 18 ; 6 0 ; 7 0 ; 8 8 ; 9 9 ; 10 10 ; 11 7 ; 12 4 5 6 ; 13 3 ; 14 1 2 ; 15 14 ; 16 15 ; 17 13 ; 18 0 ; 19 12 ; 20 20 ;
0 4 5 ; 1 1 ; 2 0 ; 3 2 ; 4 3 ; 5 15 16 ; 6 17 ; 7 14 ; 8 12 13 ; 9 11 ; 10 6 ; 11 7 8 ; 12 9 ; 13 10 ; 14 18 ;
0 5 6 7 11 17 ; 1 4 ; 2 4 ; 3 4 ; 4 3 ; 5 1 2 ; 6 0 ; 7 10 ; 8 0 ; 9 0 ; 10 8 ; 11 9 ; 12 18 ; 13 18 ; 14 18 ; 15 18 ; 16 16 ; 17 18 ; 18 12 13 14 15 ; 19 19 ;
0 2 3 8 12 13 ; 1 0 ; 2 1 ; 3 15 ; 4 15 ; 5 15 ; 6 14 ; 7 0 ; 8 7 ; 9 6 ; 10 0 ; 11 0 ; 12 0 ; 13 0 ; 14 0 ; 15 4 ; 16 5 ; 17 5 ; 18 0 ; 19 0 ; 20 0 ; 21 10 11 ; 22 9 ; 23 16 ;
0 2 4 13 14 15 16 ; 1 0 ; 2 1 ; 3 20 ; 4 21 ; 5 17 ; 6 18 ; 7 0 ; 8 19 ; 9 0 ; 10 3 ; 11 7 ; 12 8 ; 13 9 10 11 12 ; 14 0 ; 15 5 ; 16 6 ; 17 22 ;
0 14 16 18 ; 1 0 ; 2 11 ; 3 12 13 ; 4 0 ; 5 8 9 ; 6 10 ; 7 7 ; 8 1 2 3 4 5 6 ; 9 0 ; 10 0 ; 11 0 ; 12 19 ; 13 19 ; 14 17 ; 15 17 ; 16 15 ; 17 20 ;
0 4 15 18 ; 1 1 ; 2 3 ; 3 0 ; 4 2 ; 5 0 ; 6 9 10 ; 7 11 ; 8 0 ; 9 5 ; 10 6 ; 11 7 ; 12 8 ; 13 0 ; 14 12 ; 15 13 ; 16 14 ; 17 19 ; 18 19 ; 19 16 ; 20 17 ; 21 20 ;
0 6 13 14 ; 1 15 ; 2 16 ; 3 16 ; 4 0 ; 5 11 ; 6 12 ; 7 10 ; 8 8 ; 9 9 ; 10 7 ; 11 0 ; 12 4 ; 13 5 ; 14 0 ; 15 3 ; 16 2 ; 17 1 ; 18 17 ;
0 2 8 9 14 ; 1 0 ; 2 6 7 ; 3 5 ; 4 4 ; 5 3 ; 6 0 ; 7 1 ; 8 18 ; 9 18 ; 10 16 17 ; 11 0 ; 12 15 ; 13 0 ; 14 12 13 ; 15 11 ; 16 10 ; 17 19 ;
0 4 19 20 ; 1 1 ; 2 2 ; 3 3 ; 4 16 17 18 ; 5 15 ; 6 14 ; 7 12 ; 8 13 ; 9 10 ; 10 11 ; 11 0 ; 12 5 ; 13 6 7 ; 14 8 ; 15 9 ; 16 0 ; 17 21 ;
0 1 6 11 12 18 ; 1 0 ; 2 5 ; 3 2 3 4 ; 4 19 ; 5 20 ; 6 15 16 ; 7 17 ; 8 14 ; 9 13 ; 10 0 ; 11 0 ; 12 7 8 9 ; 13 10 ; 14 21 ;
0 4 ; 1 8 ; 2 1 ; 3 2 ; 4 5 ; 5 7 ; 6 6 ; 7 3 ; 8 9 ; 9 17 ; 10 17 ; 11 17 ; 12 16 ; 13 13 ; 14 14 ; 15 15 ; 16 0 ; 17 11 ; 18 12 ; 19 10 ; 20 12 ; 21 18 ;
0 3 5 7 11 ; 1 8 ; 2 9 ; 3 16 ; 4 17 ; 5 0 ; 6 15 ; 7 0 ; 8 13 ; 9 14 ; 10 12 ; 11 0 ; 12 0 ; 13 10 ; 14 6 ; 15 4 ; 16 1 ; 17 2 ; 18 18 ;
0 5 6 7 11 14 15 17 ; 1 1 ; 2 4 ; 3 0 ; 4 3 ; 5 2 ; 6 20 ; 7 20 ; 8 18 19 ; 9 0 ; 10 16 ; 11 0 ; 12 12 ; 13 12 ; 14 13 ; 15 13 ; 16 10 ; 17 8 ; 18 9 ; 19 21 ;
0 6 7 9 ; 1 1 2 ; 2 5 ; 3 0 ; 4 0 ; 5 3 ; 6 4 ; 7 19 ; 8 19 ; 9 8 ; 10 10 ; 11 11 ; 12 12 ; 13 13 ; 14 0 ; 15 14 ; 16 15 ; 17 0 ; 18 16 17 18 ; 19 20 ;
0 4 ; 1 5 ; 2 1 ; 3 2 ; 4 3 ; 5 0 ; 6 8 ; 7 6 ; 8 7 ; 9 15 ; 10 15 ; 11 9 10 11 ; 12 14 ; 13 12 ; 14 13 ; 15 16 ;
0 2 4 8 ; 1 5 ; 2 6 ; 3 7 ; 4 0 ; 5 3 ; 6 1 ; 7 15 ; 8 16 ; 9 14 ; 10 14 ; 11 14 ; 12 0 ; 13 13 ; 14 10 11 ; 15 12 ; 16 0 ; 17 9 ; 18 17 ;
0 3 7 8 16 17 ; 1 0 ; 2 1 ; 3 2 ; 4 18 ; 5 19 ; 6 4 5 ; 7 6 ; 8 14 ; 9 15 ; 10 12 ; 11 11 ; 12 13 ; 13 10 ; 14 0 ; 15 9 ; 16 20 ;
0 13 ; 1 4 ; 2 1 ; 3 2 ; 4 3 ; 5 5 ; 6 0 ; 7 14 ; 8 10 11 12 ; 9 6 ; 10 7 ; 11 8 9 ; 12 0 ; 13 0 ; 14 15 16 17 ; 15 18 ; 16 19 ;
0 2 6 13 14 17 22 ; 1 21 ; 2 21 ; 3 4 ; 4 5 ; 5 18 19 ; 6 20 ; 7 0 ; 8 15 16 ; 9 11 ; 10 10 ; 11 10 ; 12 12 ; 13 9 ; 14 7 ; 15 8 ; 16 3 ; 17 1 ; 18 23 ;
0 8 9 16 17 18 ; 1 13 ; 2 12 ; 3 11 ; 4 10 ; 5 0 ; 6 19 ; 7 15 ; 8 14 ; 9 5 ; 10 6 ; 11 7 ; 12 4 ; 13 1 ; 14 2 ; 15 0 ; 16 3 ; 17 20 ;
0 7 11 12 17 ; 1 1 2 3 ; 2 0 ; 3 4 ; 4 5 ; 5 19 ; 6 19 ; 7 16 18 ; 8 15 ; 9 13 14 ; 10 0 ; 11 6 ; 12 0 ; 13 10 ; 14 9 ; 15 10 ; 16 8 ; 17 20 ;
0 3 5 ; 1 0 ; 2 0 ; 3 1 ; 4 2 ; 5 0 ; 6 18 ; 7 17 ; 8 12 ; 9 13 ; 10 15 ; 11 14 ; 12 16 ; 13 6 ; 14 4 ; 15 8 9 10 11 ; 16 7 ; 17 19 ;
0 3 12 13 ; 1 16 ; 2 17 ; 3 17 ; 4 0 ; 5 14 ; 6 15 ; 7 0 ; 8 7 ; 9 8 ; 10 9 ; 11 10 11 ; 12 6 ; 13 4 5 ; 14 6 ; 15 1 ; 16 2 ; 17 18 ;
0 3 6 10 ; 1 1 ; 2 2 ; 3 18 ; 4 18 ; 5 15 ; 6 16 ; 7 17 ; 8 14 ; 9 9 12 ; 10 8 11 ; 11 0 ; 12 0 ; 13 0 ; 14 13 ; 15 13 ; 16 7 ; 17 0 ; 18 0 ; 19 0 ; 20 4 ; 21 5 ; 22 19 ;
0 5 6 8 ; 1 2 ; 2 3 ; 3 0 ; 4 1 ; 5 4 7 ; 6 0 ; 7 9 ; 8 0 ; 9 10 ; 10 19 ; 11 13 ; 12 18 ; 13 11 12 ; 14 16 17 ; 15 14 15 ; 16 20 ;
0 11 12 ; 1 0 ; 2 6 ; 3 3 ; 4 4 5 ; 5 2 ; 6 0 ; 7 1 ; 8 16 ; 9 17 ; 10 14 15 ; 11 13 ; 12 7 8 ; 13 9 ; 14 10 ; 15 18 ;
0 6 11 13 14 17 ; 1 1 ; 2 2 ; 3 3 ; 4 15 ; 5 16 18 ; 6 0 ; 7 12 ; 8 0 ; 9 4 ; 10 5 ; 11 8 9 10 ; 12 7 ; 13 19 ;
0 6 7 12 15 16 ; 1 1 ; 2 10 ; 3 10 ; 4 8 ; 5 9 ; 6 4 ; 7 5 ; 8 5 ; 9 3 ; 10 2 ; 11 11 ; 12 0 ; 13 18 ; 14 18 ; 15 0 ; 16 17 ; 17 14 ; 18 13 ; 19 13 ; 20 19 ;
0 3 13 16 17 ; 1 0 ; 2 18 ; 3 18 ; 4 14 ; 5 15 ; 6 0 ; 7 0 ; 8 10 11 ; 9 12 ; 10 1 ; 11 2 ; 12 8 9 ; 13 7 ; 14 6 ; 15 4 5 ; 16 19 ;
0 2 11 ; 1 12 ; 2 3 4 5 ; 3 1 ; 4 9 ; 5 10 ; 6 8 ; 7 7 ; 8 6 ; 9 0 ; 10 0 ; 11 19 ; 12 20 ; 13 16 17 18 ; 14 15 ; 15 14 ; 16 13 ; 17 21 ;
0 4 5 6 14 16 ; 1 15 ; 2 17 ; 3 0 ; 4 12 ; 5 13 ; 6 11 ; 7 8 9 10 ; 8 7 ; 9 0 ; 10 0 ; 11 3 ; 12 0 ; 13 1 ; 14 2 ; 15 18 ;
0 7 15 ; 1 0 ; 2 1 ; 3 2 ; 4 4 5 ; 5 6 ; 6 0 ; 7 3 ; 8 8 ; 9 14 ; 10 9 ; 11 9 ; 12 9 ; 13 9 ; 14 12 ; 15 13 ; 16 11 ; 17 10 ; 18 0 ; 19 16 ;
0 2 3 4 7 8 17 ; 1 14 ; 2 18 ; 3 18 ; 4 15 16 ; 5 18 ; 6 13 ; 7 12 ; 8 1 ; 9 11 ; 10 0 ; 11 0 ; 12 10 ; 13 9 ; 14 0 ; 15 6 ; 16 0 ; 17 0 ; 18 5 ; 19 19 ;
0 3 6 12 ; 1 0 ; 2 0 ; 3 0 ; 4 7 ; 5 5 ; 6 4 ; 7 1 ; 8 2 ; 9 15 ; 10 15 ; 11 14 ; 12 13 ; 13 0 ; 14 11 ; 15 9 ; 16 10 ; 17 8 ; 18 16 ;
0 2 11 14 17 18 ; 1 0 ; 2 1 ; 3 0 ; 4 0 ; 5 0 ; 6 15 16 ; 7 0 ; 8 13 ; 9 12 ; 10 9 ; 11 10 ; 12 6 7 8 ; 13 0 ; 14 5 ; 15 3 ; 16 4 ; 17 19 ;
0 3 6 10 ; 1 0 ; 2 0 ; 3 0 ; 4 7 ; 5 5 ; 6 4 ; 7 1 ; 8 2 ; 9 15 ; 10 15 ; 11 14 ; 12 13 ; 13 12 ; 14 11 ; 15 9 ; 16 0 ; 17 8 ; 18 16 ;
0 8 9 10 17 ; 1 1 ; 2 2 ; 3 7 ; 4 6 ; 5 5 ; 6 13 ; 7 11 ; 8 12 ; 9 0 ; 10 0 ; 11 16 ; 12 16 ; 13 15 ; 14 14 ; 15 4 ; 16 3 ; 17 18 ;
0 6 7 11 14 17 ; 1 1 ; 2 8 ; 3 18 19 ; 4 20 ; 5 12 13 ; 6 9 ; 7 10 ; 8 15 16 ; 9 0 ; 10 4 ; 11 5 ; 12 3 ; 13 0 ; 14 2 ; 15 21 ;
0 2 3 6 13 ; 1 0 ; 2 1 ; 3 1 ; 4 1 ; 5 1 ; 6 7 8 ; 7 9 ; 8 0 ; 9 0 ; 10 4 ; 11 5 ; 12 10 ; 13 0 ; 14 11 ; 15 12 ; 16 0 ; 17 0 ; 18 14 ; 19 15 ; 20 16 ;
0 2 8 10 ; 1 0 ; 2 11 ; 3 16 ; 4 16 ; 5 12 ; 6 13 14 15 ; 7 0 ; 8 9 ; 9 0 ; 10 6 ; 11 7 ; 12 4 ; 13 4 ; 14 5 ; 15 1 ; 16 3 ; 17 17 ;
0 2 7 ; 1 8 ; 2 9 ; 3 8 ; 4 3 ; 5 0 ; 6 1 ; 7 4 ; 8 5 6 ; 9 15 ; 10 15 ; 11 0 ; 12 13 14 ; 13 12 ; 14 10 11 ; 15 0 ; 16 16 ;
0 1 2 3 11 12 14 15 17 ; 1 0 ; 2 4 ; 3 5 6 ; 4 0 ; 5 0 ; 6 7 ; 7 8 ; 8 18 ; 9 19 ; 10 13 16 ; 11 0 ; 12 9 10 ; 13 20 ;
0 8 15 ; 1 5 ; 2 0 ; 3 0 ; 4 6 ; 5 4 ; 6 3 ; 7 0 ; 8 1 ; 9 2 ; 10 0 ; 11 7 ; 12 0 ; 13 0 ; 14 13 14 ; 15 16 ; 16 9 10 ; 17 11 ; 18 12 ; 19 17 ;
0 5 12 ; 1 6 ; 2 3 ; 3 4 ; 4 1 ; 5 2 ; 6 0 ; 7 0 ; 8 7 ; 9 8 ; 10 13 ; 11 14 ; 12 11 ; 13 9 ; 14 0 ; 15 10 ; 16 15 ;
0 4 8 9 ; 1 1 ; 2 2 ; 3 12 ; 4 13 ; 5 0 ; 6 10 11 ; 7 0 ; 8 0 ; 9 7 ; 10 6 ; 11 0 ; 12 0 ; 13 0 ; 14 0 ; 15 0 ; 16 3 ; 17 5 ; 18 14 ;
0 11 13 14 15 17 ; 1 4 ; 2 2 ; 3 1 ; 4 3 ; 5 5 ; 6 6 ; 7 7 ; 8 0 ; 9 16 ; 10 8 ; 11 0 ; 12 12 ; 13 10 ; 14 9 ; 15 18 ;
0 7 11 14 15 ; 1 1 2 ; 2 3 ; 3 4 5 ; 4 13 ; 5 8 ; 6 9 ; 7 10 ; 8 0 ; 9 12 ; 10 0 ; 11 6 ; 12 0 ; 13 16 ;
0 4 ; 1 0 ; 2 2 3 ; 3 1 ; 4 14 ; 5 13 ; 6 12 ; 7 9 10 ; 8 11 ; 9 8 ; 10 7 ; 11 5 ; 12 5 ; 13 6 ; 14 6 ; 15 15 ;
0 0 ; 1 0 ; 2 14 ; 3 14 ; 4 13 ; 5 12 ; 6 10 11 ; 7 7 ; 8 8 ; 9 9 ; 10 6 ; 11 0 ; 12 4 ; 13 5 ; 14 1 2 ; 15 3 ; 16 15 ;
0 8 12 13 14 ; 1 1 ; 2 2 ; 3 3 ; 4 18 ; 5 18 ; 6 4 5 ; 7 16 17 ; 8 0 ; 9 0 ; 10 6 7 9 10 11 ; 11 0 ; 12 15 ; 13 19 ;
0 14 15 ; 1 1 ; 2 2 ; 3 3 ; 4 13 ; 5 13 ; 6 11 12 ; 7 10 ; 8 7 8 ; 9 9 ; 10 4 5 6 ; 11 16 ;
0 5 6 9 ; 1 1 ; 2 2 ; 3 7 ; 4 8 ; 5 0 ; 6 3 ; 7 4 ; 8 10 11 ; 9 14 ; 10 15 ; 11 13 ; 12 0 ; 13 12 ; 14 16 ;
0 4 12 ; 1 0 ; 2 11 ; 3 10 ; 4 11 ; 5 7 ; 6 8 9 ; 7 0 ; 8 0 ; 9 5 6 ; 10 0 ; 11 1 ; 12 2 3 ; 13 13 ;
0 5 12 13 ; 1 7 ; 2 4 ; 3 0 ; 4 3 ; 5 6 ; 6 1 ; 7 2 ; 8 0 ; 9 8 ; 10 16 ; 11 14 ; 12 15 ; 13 0 ; 14 10 ; 15 11 ; 16 9 ; 17 17 ;
0 2 9 10 11 14 ; 1 0 ; 2 0 ; 3 0 ; 4 13 ; 5 0 ; 6 12 ; 7 0 ; 8 1 ; 9 0 ; 10 0 ; 11 8 ; 12 0 ; 13 3 ; 14 0 ; 15 4 5 ; 16 6 ; 17 7 ;
0 2 6 7 8 12 13 15 ; 1 16 ; 2 14 ; 3 0 ; 4 0 ; 5 0 ; 6 1 ; 7 10 ; 8 11 ; 9 9 ; 10 0 ; 11 5 ; 12 0 ; 13 4 ; 14 3 ; 15 17 ;
0 4 5 10 12 13 15 ; 1 1 ; 2 2 ; 3 3 ; 4 11 ; 5 0 ; 6 14 ; 7 8 ; 8 9 ; 9 7 ; 10 0 ; 11 6 ; 12 16 ;
0 3 7 12 13 ; 1 4 5 ; 2 8 ; 3 6 ; 4 1 2 ; 5 0 ; 6 9 ; 7 14 15 16 ; 8 17 ; 9 0 ; 10 0 ; 11 11 ; 12 0 ; 13 10 ; 14 18 ;
0 3 6 7 11 ; 1 8 ; 2 4 ; 3 5 ; 4 0 ; 5 1 ; 6 2 ; 7 0 ; 8 15 ; 9 15 ; 10 15 ; 11 12 13 ; 12 14 ; 13 0 ; 14 10 ; 15 9 ; 16 0 ; 17 0 ; 18 16 ;
0 4 7 ; 1 0 ; 2 6 ; 3 5 ; 4 1 ; 5 2 ; 6 0 ; 7 3 ; 8 8 ; 9 9 ; 10 10 ; 11 11 ; 12 12 ; 13 0 ; 14 0 ; 15 13 14 ; 16 15 ; 17 16 ;
0 3 6 7 8 12 ; 1 0 ; 2 5 ; 3 4 ; 4 0 ; 5 1 ; 6 2 ; 7 0 ; 8 0 ; 9 9 ; 10 10 ; 11 0 ; 12 11 ; 13 13 ; 14 0 ; 15 0 ; 16 14 ;
0 3 8 9 ; 1 10 ; 2 0 ; 3 1 ; 4 1 ; 5 1 ; 6 7 ; 7 7 ; 8 0 ; 9 2 ; 10 6 ; 11 4 ; 12 5 ; 13 0 ; 14 12 ; 15 11 ; 16 13 ; 17 14 ; 18 15 ;
0 2 7 8 9 ; 1 10 ; 2 11 ; 3 0 ; 4 1 ; 5 3 ; 6 4 ; 7 5 ; 8 6 ; 9 0 ; 10 14 ; 11 15 ; 12 0 ; 13 13 ; 14 12 ; 15 16 ;
0 5 10 11 ; 1 1 ; 2 2 ; 3 0 ; 4 0 ; 5 12 ; 6 13 14 ; 7 0 ; 8 8 ; 9 9 ; 10 7 ; 11 3 ; 12 4 ; 13 6 ; 14 15 ;
0 3 9 15 ; 1 16 ; 2 14 ; 3 13 ; 4 8 ; 5 7 ; 6 11 12 ; 7 10 ; 8 10 ; 9 6 ; 10 4 ; 11 5 ; 12 0 ; 13 1 2 ; 14 17 ;
0 3 ; 1 0 ; 2 4 ; 3 5 6 7 ; 4 8 ; 5 9 ; 6 10 ; 7 2 ; 8 0 ; 9 1 ; 10 14 ; 11 14 ; 12 11 ; 13 12 ; 14 13 ; 15 15 ;
0 4 5 9 ; 1 2 ; 2 1 ; 3 13 ; 4 15 ; 5 14 ; 6 12 ; 7 10 ; 8 11 ; 9 8 ; 10 7 ; 11 6 ; 12 3 ; 13 16 ;
0 6 7 11 12 ; 1 0 ; 2 1 ; 3 13 ; 4 14 ; 5 0 ; 6 2 ; 7 3 ; 8 4 ; 9 5 ; 10 10 ; 11 0 ; 12 8 ; 13 9 ; 14 15 ;
0 11 ; 1 12 ; 2 10 ; 3 9 ; 4 7 ; 5 8 ; 6 0 ; 7 5 ; 8 6 ; 9 3 4 ; 10 0 ; 11 2 ; 12 0 ; 13 1 ; 14 13 ;
0 13 15 ; 1 0 ; 2 4 5 ; 3 6 ; 4 1 2 3 ; 5 7 ; 6 8 ; 7 9 ; 8 14 ; 9 16 ; 10 10 11 ; 11 12 ; 12 17 ;
0 2 6 ; 1 0 ; 2 5 ; 3 0 ; 4 4 ; 5 7 ; 6 3 ; 7 1 ; 8 8 ; 9 9 ; 10 0 ; 11 0 ; 12 10 ; 13 11 ; 14 12 ;
0 4 7 12 13 ; 1 1 ; 2 2 ; 3 3 ; 4 0 ; 5 0 ; 6 14 ; 7 15 ; 8 8 ; 9 5 ; 10 6 ; 11 11 ; 12 9 10 ; 13 0 ; 14 16 ;
0 6 7 12 ; 1 8 ; 2 8 ; 3 8 ; 4 5 ; 5 5 ; 6 4 ; 7 1 2 3 ; 8 0 ; 9 16 ; 10 14 ; 11 15 ; 12 13 ; 13 9 10 11 ; 14 17 ;
0 4 5 9 12 13 ; 1 2 ; 2 1 ; 3 15 16 ; 4 17 ; 5 3 ; 6 14 ; 7 10 11 ; 8 6 7 8 ; 9 18 ;
0 3 12 13 15 ; 1 1 ; 2 2 ; 3 4 ; 4 5 ; 5 6 ; 6 6 ; 7 7 ; 8 8 ; 9 14 ; 10 9 10 ; 11 11 ; 12 11 ; 13 16 ;
0 3 4 5 ; 1 6 ; 2 7 ; 3 2 ; 4 1 ; 5 0 ; 6 0 ; 7 0 ; 8 11 ; 9 10 ; 10 0 ; 11 10 ; 12 9 ; 13 8 ; 14 12 ;
0 2 9 10 11 ; 1 7 ; 2 6 ; 3 0 ; 4 0 ; 5 0 ; 6 4 5 ; 7 3 ; 8 0 ; 9 1 ; 10 13 ; 11 14 ; 12 12 ; 13 0 ; 14 8 ; 15 15 ;
0 5 ; 1 0 ; 2 2 ; 3 0 ; 4 0 ; 5 10 11 ; 6 12 ; 7 7 ; 8 8 ; 9 9 ; 10 6 ; 11 3 4 ; 12 1 ; 13 13 ;
0 4 5 7 10 ; 1 0 ; 2 0 ; 3 2 ; 4 1 ; 5 3 6 ; 6 8 ; 7 14 ; 8 13 ; 9 12 ; 10 11 ; 11 11 ; 12 0 ; 13 9 ; 14 15 ;
0 4 ; 1 0 ; 2 1 ; 3 11 ; 4 11 ; 5 0 ; 6 6 ; 7 5 ; 8 7 ; 9 9 ; 10 8 ; 11 10 ; 12 3 ; 13 0 ; 14 2 ; 15 12 ;
0 5 6 ; 1 1 ; 2 7 ; 3 3 ; 4 4 ; 5 2 ; 6 8 ; 7 15 ; 8 14 ; 9 11 ; 10 12 13 ; 11 9 10 ; 12 16 ;
0 6 ; 1 1 ; 2 10 ; 3 10 ; 4 0 ; 5 8 ; 6 7 ; 7 9 ; 8 5 ; 9 4 ; 10 2 ; 11 3 ; 12 11 ;
0 0 ; 1 7 ; 2 8 ; 3 9 ; 4 0 ; 5 10 ; 6 10 ; 7 4 ; 8 5 6 ; 9 3 ; 10 0 ; 11 1 ; 12 2 ; 13 11 ;
0 0 ; 1 3 ; 2 1 ; 3 2 ; 4 9 ; 5 10 ; 6 8 ; 7 0 ; 8 4 ; 9 5 ; 10 6 ; 11 7 ; 12 0 ; 13 11 ;
0 3 8 ; 1 5 ; 2 10 ; 3 11 ; 4 9 ; 5 6 ; 6 7 ; 7 4 ; 8 4 ; 9 4 ; 10 2 ; 11 1 ; 12 0 ; 13 12 ;
0 0 ; 1 1 ; 2 2 ; 3 3 ; 4 10 ; 5 10 ; 6 9 ; 7 8 ; 8 0 ; 9 7 ; 10 4 ; 11 5 6 ; 12 11 ;
0 8 ; 1 10 ; 2 0 ; 3 0 ; 4 7 ; 5 9 ; 6 6 ; 7 5 ; 8 4 ; 9 0 ; 10 1 ; 11 1 ; 12 3 ; 13 2 ; 14 11 ;
0 3 12 13 ; 1 1 ; 2 6 ; 3 7 ; 4 2 ; 5 5 ; 6 4 ; 7 0 ; 8 8 ; 9 9 ; 10 11 ; 11 10 ; 12 14 ;
0 5 11 ; 1 1 ; 2 2 ; 3 3 ; 4 10 ; 5 4 ; 6 9 ; 7 8 ; 8 7 ; 9 6 ; 10 12 ;
0 3 8 ; 1 4 ; 2 4 ; 3 0 ; 4 1 ; 5 2 ; 6 9 ; 7 0 ; 8 6 ; 9 5 ; 10 7 ; 11 10 ;
0 3 4 11 13 ; 1 2 ; 2 1 ; 3 0 ; 4 0 ; 5 12 ; 6 0 ; 7 10 ; 8 9 ; 9 8 ; 10 5 ; 11 6 ; 12 7 ; 13 14 ;
0 6 7 ; 1 2 ; 2 1 ; 3 3 ; 4 9 ; 5 10 ; 6 8 ; 7 5 ; 8 4 ; 9 11 ;
0 10 11 ; 1 5 ; 2 0 ; 3 1 ; 4 1 ; 5 2 ; 6 9 ; 7 0 ; 8 6 7 8 ; 9 0 ; 10 0 ; 11 3 ; 12 4 ; 13 12 ;
0 5 ; 1 10 ; 2 6 7 8 ; 3 9 ; 4 0 ; 5 4 ; 6 4 ; 7 3 ; 8 0 ; 9 2 ; 10 1 ; 11 11 ;
0 5 ; 1 9 ; 2 8 ; 3 7 ; 4 6 ; 5 4 ; 6 3 ; 7 2 ; 8 0 ; 9 1 ; 10 10 ;
0 9 10 11 ; 1 3 12 ; 2 0 ; 3 0 ; 4 1 2 ; 5 4 ; 6 5 6 7 8 ; 7 13 ;
0 0 ; 1 7 ; 2 0 ; 3 0 ; 4 5 ; 5 6 ; 6 4 ; 7 1 ; 8 0 ; 9 3 ; 10 3 ; 11 0 ; 12 2 ; 13 8 ;
0 0 ; 1 0 ; 2 0 ; 3 0 ; 4 8 9 10 ; 5 4 ; 6 3 ; 7 1 ; 8 2 ; 9 5 ; 10 7 ; 11 6 ; 12 11 ;
0 0 ; 1 4 ; 2 5 ; 3 6 ; 4 7 ; 5 3 ; 6 0 ; 7 2 ; 8 1 ; 9 8 ;
0 7 ; 1 1 ; 2 2 ; 3 6 ; 4 5 ; 5 4 ; 6 0 ; 7 3 ; 8 8 ;
0 3 ; 1 7 ; 2 6 ; 3 6 ; 4 5 ; 5 5 ; 6 0 ; 7 4 ; 8 2 ; 9 1 ; 10 8 ;
0 0 ; 1 1 ; 2 5 ; 3 6 ; 4 4 ; 5 2 ; 6 3 ; 7 7 ;
